,0,1,2,3,4,5
0,0.003424485003999944,-0.0955617782568361,-0.0011577656947488468,-0.09444863597477271,-0.1433158407362451,0.03376963512103594
1,0.007125330241629202,0.011812656222097706,-0.025035975284915357,0.0770307065752921,0.011533285292746775,0.03562465270230859
2,0.0002102907532257614,0.030240004178692104,0.051098925105636406,-0.002976157772656085,0.037465292012738516,0.04307384280314254
3,0.0010436079406168641,-0.056540983893064056,-0.1709923703064543,-0.09274291939290208,0.015158304906233766,0.036915917676291245
4,-0.009796664526786403,0.03304805161699076,0.01775973792614227,-0.0434012542922928,-0.015260012213413499,0.05345057378184647
5,0.007786852548229195,-0.06427494129458322,0.05846181505254089,-0.03937390183187939,0.13956784544189482,0.03378457078390293
6,-0.005581858324642419,0.011504013292307103,0.061861345522616684,-0.1609176659267706,-0.039898719683468115,0.0473039584990036
7,-0.021191891718085554,-0.002202768390167087,0.025032475219121553,-0.0004965028355619627,-0.19773516666293806,0.06282820602758785
8,-0.0016517613136797227,0.01061773821418277,-0.026700155374546397,-0.00602397360768242,0.08228441395658004,0.0434009784909842
9,-0.022683529794398027,0.011413785417380806,0.033933156588653035,0.003473710757024906,0.03196850219027819,0.0669077176098952
10,0.000749816955625926,-0.013839550798648736,-0.2787432645994437,0.12328253236110814,-0.012903232958253408,0.039603048099658554
11,-0.011165432215671678,-0.06383672245948091,0.037393290929291,0.08328076581195526,0.21110628140354137,0.05646035645922166
12,0.015787419053252982,0.0146168577893947,-0.011854915120806553,-0.021138467049033105,-0.02673384920489222,0.024793285737823134
13,0.025589232822576635,0.04812133229466198,0.11947727149579301,0.007320905439604508,-0.046028824604339075,0.01792601218646032
14,-0.0011543171305812283,0.02693464967164949,-0.05184240659760825,-0.10429102480542296,-0.22192317677635243,0.04099037732686993
15,0.005440051553563308,0.011004378592701536,0.04995964472423153,0.06349842857962829,0.08295962505189491,0.03851094461531393
16,-0.003804503905401324,-0.06519022766132065,-0.04181036571981972,0.1281104803201828,0.00206323599439745,0.045470173533879645
17,0.015078400850690787,0.03783703183047482,-0.0861836690078146,0.05438243020781902,-0.03715903951756608,0.02619796648464544
18,0.006026053396803732,0.007946128323723434,-0.037416263244632986,0.02267052306229983,0.07385128206029268,0.03602360229006463
19,0.01691526263723553,0.0034425634681668482,-0.020343440539493884,0.040348048872909936,-0.19100674025630351,0.022761764463007785
20,-0.0026647956619348934,0.017595547172008397,-0.20772853775960992,0.0672842592811479,0.09661570382093954,0.044170668289408056
21,-0.021958747505629983,0.007568880499414843,-0.011405687577972057,-0.15160199077589148,-0.04035177689887995,0.06340310520632265
22,0.008203066856110164,0.03340116508956115,-0.056015866330109576,-0.12039664735669797,0.02395594266580403,0.032800995308506206
23,0.006956899261675309,-0.011743540642029426,-0.05005145674738776,0.06437556327264737,-0.0006689147100614745,0.034036030021929765
24,-0.004926301264284283,0.07882434597718702,-0.03997209666114293,0.13623967847319107,-0.03308728745669484,0.049000873614969534
25,-0.0021910874151194193,0.04425049231555733,0.0019028841835513344,0.07321360257401055,0.08822062252311225,0.04661656951336118
26,-0.01114693642807818,0.03630032556415386,0.032706727991001716,0.033437122609295045,-0.15131570681511108,0.05470789311687459
27,-0.0052259130335697845,-0.09809790775769878,-0.1602442103790902,0.18071658795295475,0.0710940361018762,0.0463901053418278
28,-0.0044226896645910285,-0.00504955485156211,-0.03485319755587468,-0.02871062602875213,0.12073650958696563,0.047061648358191266
29,0.0023825771198051626,0.027968154287395075,0.012858026177091086,-0.013694885657112466,-0.15520656033831698,0.0390591470340647
30,0.0030681648194585964,0.018157305417694225,-0.005902403009305335,0.027815174583205537,-0.15905523644777741,0.038374510878989715
31,0.006531092017007634,0.012570719140610698,-0.10265088032956682,0.03498797525881836,0.001403540718352858,0.03438201127388147
32,-0.009856963823481002,-0.021690498724601492,-0.014824538127617137,0.006282466855128621,-0.040160371691276786,0.051305990622946045
33,-0.0056801793433375325,-0.011777224646631779,0.0155939875298442,-0.033127362872827026,0.09588037115451647,0.04802668161168203
34,-0.006114422571066425,0.03434585551315694,0.08058263125718224,0.039258990791833426,0.05219083348265746,0.05109477478617919
35,0.012196183392325866,0.0037874525581056417,-0.05661352971628092,-0.0025426244883034466,-0.0034239217089430674,0.028743140911428055
36,-0.008217882341184812,0.03315937511580669,-0.04210387860670872,0.05179590950149404,0.04317255309089735,0.052335529192301875
37,-0.012620099574278454,0.028367797331445455,-0.05088186421017349,-0.030198858154650343,0.10387853996588498,0.05671931165110818
38,0.006254262439579161,0.030703757893141614,-0.03352726704441811,0.08843421097509196,-0.04061312735416142,0.03596857718206302
39,-0.012437512559489217,-0.007548570901120488,-0.01926792610890299,0.1189642778542398,-0.01846505908813828,0.056487816619864864
40,-0.008265642483921698,-0.12208000614668324,-0.05260989949935646,0.11209500225621855,-0.04976748811970147,0.04758262214128899
41,-0.007462136938815811,-0.012596101153107941,0.07673561231452508,-0.29473473330859234,0.12694338940442484,0.04956748315185614
42,-0.008524030955639916,0.06045340856441439,0.01293947691533337,-0.009356541920143457,-0.02535781533299461,0.05285299316748151
43,-0.004452741806611371,-0.028843972668304296,0.07382587770006677,0.01156963196452071,0.09058500246689183,0.048055425270010894
44,-0.0020421955964818883,0.026830422910355534,0.04567995650837897,0.0648400414958652,-0.03611016380477103,0.04595217538962461
45,-0.00776166084920904,-0.0159531076992665,-0.04288391239941247,-0.08536058768842492,-0.15338566190334374,0.047233675545669575
46,0.00877654246267201,-0.014599470729432351,-0.0018006029580592275,0.0047625394646890196,0.03447511810011583,0.03261222972460619
47,0.006393228749620894,0.04729774320185276,0.060365394624844915,0.05349382045982615,0.06547390759923405,0.03803692955127517
48,-0.008569803766561579,0.02004790481565033,-0.07215437570361521,-0.21022059510479496,0.003970746677646464,0.049456996231991436
49,0.009321991259462648,-0.022692416081476874,-0.011577254813001148,0.007048341478247677,-0.004425304874229763,0.03188345614919326
50,-0.0003138522888149753,0.003022674333900799,-0.036279584087908934,0.1277625781314875,0.05059429752393935,0.044403655543272365
51,0.002017076906645876,-0.04093150097584641,-0.04113478431792689,-0.05622372874306125,0.0847604700436641,0.038552483399365886
52,-0.00668489307718223,-0.010902359014097529,-0.0016603244924005556,0.0019165313691767438,-0.012389968705037918,0.04858244058590444
53,-0.01655125399188373,0.04840182380832081,0.008069613740810722,-0.027936899915470326,-0.07075710359571585,0.05952325097035864
54,0.012978925654607787,-0.006726693083733637,-0.017486486509826094,-0.0028869352269873527,0.12314460614891548,0.028970720090538818
55,-0.0057178896106894195,0.007887140578368368,-0.013652086733778324,0.1026295346352118,-0.13287216056505102,0.04849395513648615
56,-0.0026679900765322895,0.021344916758144983,-0.009021855020492908,-0.05493299872467877,-0.11244947455301688,0.044193501801211094
57,0.0012016684163655977,-0.07710881736121633,-0.12317925670702717,0.10958329793691335,0.016318058868643737,0.03834694190699229
58,0.009622961099244876,0.03411440191471449,-0.003526999380334017,0.0663600690007683,-0.046612755089749214,0.032192593424899135
59,-0.0023295497879518567,0.006651316346589886,0.03655361521011469,0.09413046792618268,-0.13960421148402163,0.04494614781637083
60,-0.012739125731833112,-0.059323818010130425,0.018293277944146258,-0.013767078945988664,0.0958379572112199,0.055439545204469504
61,-0.002969170662035947,-0.10147949751692498,0.0038273365929557546,-0.044046221507613614,0.03574082955971497,0.042835400805518294
62,0.002366790236833838,0.0893351370888229,0.006051629793115798,0.08922518305355487,0.14619143475797713,0.04380908796010899
63,0.0057232220185690075,0.05853177548669253,-0.07298059946276225,-0.02541666718806468,-0.1243131243854863,0.03585191938361441
64,0.010025073866700263,-0.17306203025984734,-0.08289291909768937,0.007312626287478363,0.015305790833333,0.02633957993193817
65,0.01906287616995428,0.04155316015167243,-0.06129674584684919,0.0686311749136646,-0.01760843066631923,0.022694259248874186
66,0.009891814090972506,-0.049137335084152856,-0.022104927443091504,-0.15560263081956338,-0.0206283728183152,0.027964163404071405
67,-0.007647215334818713,0.05198912988490734,-0.0028732697632383175,-0.046388924159658784,-0.05808162680104126,0.050303158802004144
68,-0.0020145844379603206,0.05818814702926234,0.06402168380830064,-0.04804654596806024,0.038819298070609964,0.04603862159603068
69,-0.011448109055167466,0.03361074440749101,-0.03749755779003805,0.11124228014705839,-0.03147498894704828,0.05614904642430138
70,0.0027214837032274453,0.018881912145158886,-0.1011261688602304,0.10005860668369643,-0.010632986832286945,0.039124369944414504
71,-0.0033769208568932285,0.0374679922935256,0.07645994645914722,-0.15205860938143298,0.08840908967620881,0.046926991049119716
72,-0.01825878375177903,0.018663577348791538,-0.09867189282981742,0.11681099856577226,-0.1966161559636459,0.06067697306213995
73,0.006099316178505454,0.004558636473458333,-0.02549013046749743,0.11240006509439426,0.01460311824127658,0.03712283211753602
74,-0.0013322425927317916,-0.070350520482232,-0.08000146920879914,-0.0829235799557741,-0.03266666312104935,0.039560485378546034
75,0.0025922717077646595,0.011967769867702094,-0.07996404248154126,-0.04257644744980221,-0.009293465151869074,0.0382618599501704
76,0.002489759781272083,0.013690093640834622,-0.08970757807149848,-0.1633108204505007,0.08009906795864041,0.03804896889765314
77,-0.009253323284755366,-4.7202211692631835e-06,-0.11421085581609197,0.010382858561904407,0.04303970913360067,0.05061806572161622
78,-0.018585927903049693,-0.0458405559549625,-0.004735207209242032,0.029351506303228025,0.07137535102133424,0.061303227526131016
79,-0.02420914523146922,0.0036338069558601305,-0.09144534365511159,-0.07727653503899051,0.1574965742046493,0.06670113122986204
80,-0.016185463635009723,-0.06673411480361457,-0.05972786980238537,-0.059147087759910844,0.01798673892231073,0.055862521421648124
81,-0.021865451408000558,-0.0119348985645652,-0.0271068939909766,0.0651941191865909,-0.13594605339976137,0.06366767702818997
82,-0.007495321111599007,0.004420445407161466,0.0036748772227152005,-0.0012487142482855984,-0.0848525458508245,0.049577238737605694
83,-0.01269378551960143,0.06129989873193542,-0.13751445953157654,-0.015730797412879194,-0.03494857658250694,0.05472172816027814
84,-0.004782234954177178,0.004812311472004782,-0.14790907058668568,-0.06405946139921609,0.015777278501613312,0.04482091290960397
85,0.0057504449706473615,-0.006058108383567351,-0.02213912634884041,-0.21374529971481487,-0.1825193253996645,0.03303984706660467
86,-0.00609991508866492,0.01417654796377732,-0.052489196732082966,-0.10486932760456369,0.034844015966238595,0.04756354275396661
87,0.006930943363891551,-0.0598961746119121,0.04367252857275716,0.08155796170229707,0.011169519071303202,0.03469173547909504
88,0.0045856096447371986,0.023351980248303983,0.04441245298115515,0.13752685777533136,-0.06795444926195907,0.03948179211794395
89,-0.006833955593056662,-0.011198711328566757,0.06000249906722388,0.035214956722398216,-0.010285052054646582,0.050298202156952354
90,-0.00685228140208749,-0.007292215676438452,0.03238363131905431,0.11538563048325368,0.035935224992494075,0.051046668814099756
91,0.008806800489306488,0.0015025270792037304,0.041012205080975694,-0.05108184286288525,0.13611576584037033,0.03382028569273571
92,-0.005111682356905511,0.05954096127363373,-0.19477356065806367,0.02614905632712733,0.03230753254130858,0.04727172443621512
93,-0.011687552114536759,0.021716601385351586,-0.003404427955753242,-0.0880338595119704,-0.05418711289588579,0.053219030677484444
94,0.011735780229854553,0.04078650791123106,-0.05945259192723934,0.04499609764641993,0.06108371683924818,0.030891711585639314
95,-0.009982119359087105,-0.009582638620094786,-0.18040135533919344,-0.016350638881322377,0.028031791994528876,0.04983075974385756
96,-0.008186284704255753,0.007559191703771062,0.036765925928883725,0.05943812344991761,-0.10343635985278923,0.05116877762435397
97,-0.007291427242175796,-0.020152560489451354,0.0017270099147075335,0.11563425551552131,0.044888365778535944,0.05098491295104431
98,0.010958949792603256,-0.014083814027715968,-0.09695114798207943,0.11725738570426336,-0.02077576869555442,0.030049697602352352
99,-0.01176787540748403,-0.07355489308779817,-0.09386614439325619,0.027156700674382084,-0.03412434196048522,0.051415974856021784
100,-0.003340454793288372,0.03482773330162081,0.06476851162195307,0.030791040394333835,0.05580078140244976,0.04827831455908126
101,-0.004598490496141583,0.02277474961826287,-0.10206456310634515,-0.15433356456344471,0.09816648777292636,0.045464555775280496
102,0.004475748581068917,-0.02101930530553653,-0.014145490942804151,-0.02535245481008419,0.0447402252670962,0.036903234340078236
103,0.007936181704839118,-0.01509679643972639,0.045207608676100075,0.06268121954159878,0.010056015628351178,0.03446655240422624
104,-0.0036321914207317896,0.05091536407271191,-0.05856933810277565,-0.08052272799997057,0.0723501450623284,0.046420735966633035
105,-0.0011785076023540508,-0.020987822386005384,0.10147959150985597,0.030991538551116304,-0.006931727592535852,0.044706569474976275
106,0.007754121163488392,-0.07593478873108583,0.003044310709075404,-0.03923155012046481,-0.05932094415911646,0.03097990075994985
107,-0.002692219825763398,0.012642613639587852,-0.00529124848092366,-0.22926603553276861,-0.02830157323726082,0.04257828604319184
108,-0.016938192801842278,0.0032193322097658905,-0.017270023715421967,-0.08856316764300642,0.047845742885460896,0.05928442505731
109,-0.0035084428394046574,0.02022722013982936,0.014255940694557934,-0.020700758404399666,0.05209921776586962,0.04606048923309645
110,-0.005665605298044718,0.03428607989394483,0.08034270488636175,0.0078023303408758515,0.03724986540363856,0.05081412405447099
111,-0.0020359479250238177,0.044199494498497804,0.009748387375513867,0.040945542840472804,-0.00907490159524904,0.04595546475403298
112,-0.006979395939138766,0.00926223987233421,-0.06163815372681852,-0.010377715398933507,0.047003107748259054,0.04916621677458952
113,0.0007475198178317211,-0.006538799104405912,-0.06790573388153154,0.07842282501125675,0.0522290375849061,0.0417193813711312
114,0.003467127228537148,-0.10341760111343512,-0.2001067752427081,0.09256668554914499,-0.04411966358941813,0.03387212848545842
115,0.008462980817383947,0.03370370447045834,0.058808343434814,0.014598180597233557,-0.0393845781607913,0.03426956040159002
116,-0.0012893685381079045,-0.05060195340999818,0.07948312631011434,0.02660691112982566,0.05635001887422003,0.043736147731126405
117,-0.014109875489815016,0.031494216030644506,0.015065663117476258,0.07992735311761573,-0.118794178667045,0.057784451547086974
118,-0.011238354026162023,-0.06373400452105815,-0.03395573188974188,0.09080206120540202,-0.022925858268085242,0.05256357315014102
119,0.002792029083297898,-0.043739226580074786,-0.08606094244515927,0.08283380192596673,-0.39701478035842375,0.03543108951690756
120,0.005788388186440452,0.0025060630167645925,-0.09929850499625342,0.012388508574101231,-0.20104706147176482,0.033728987934485664
121,-0.012439351660766929,-0.03193514362494443,0.010178329810759834,0.11114050050275487,-0.22862543038551308,0.054005470171032355
122,-0.01131441785879539,0.0736367805452941,0.06352591722072454,-0.00433323386675416,0.06565316798314907,0.0575485512842477
123,-0.0046302888465687975,0.02228137598275426,0.03415898955607122,0.09549720804744527,0.0009029324910737602,0.04883830867126016
124,-0.004637331682345591,-0.007259948413915085,0.0730674678582508,-0.2676529083525053,0.039672123767837075,0.045693516202126194
125,0.007364853193171816,-0.07667687701763082,0.03776752019619001,0.05615965591517341,0.08593874173185989,0.034036010021530456
126,0.00019551419964303207,0.016012138699649237,0.0734641992525169,0.10810051751831751,0.0018412282100154775,0.04474440461114827
127,0.00442257638398047,0.023748251664992837,0.037732629759118175,0.10888244756097226,0.1189383847648609,0.04063968079739443
128,0.024473053612231066,0.009860953345788182,0.08743853094310694,0.05702946726877223,-0.15476065014560575,0.01712906938297474
129,0.005763321843464286,-0.02221554328459352,-0.007039299481936712,-0.011080395111464858,-0.03263473074983739,0.03459846807961385
130,-0.00830092383929415,0.006250024609047,0.06853254916418361,0.026215132758086457,0.08431765895268356,0.052373675557125715
131,-0.0015484326481082222,-0.03177005107439823,-0.11169112648955726,-0.05022891473810631,0.15862534407400958,0.04245709370841432
132,-0.005138455688818544,-0.033412052158643846,-0.022001965181590366,-0.11389229934082001,0.07121598522652378,0.045764788004658115
133,-0.006936878132072111,-0.029286372316104314,-0.00607703306989138,-0.11152345323914215,0.0352649348518117,0.04732038425122755
134,0.012858188330886033,0.009718188096272451,-0.08008871080207314,-0.060614208989756724,-0.08512699199166873,0.02681024707267352
135,0.010865100188437449,0.00958927956419231,-0.16013143332706092,0.024935682471200038,-0.02536495702230296,0.029232456061691302
136,0.011387713337839278,0.004329366270085067,0.03229940855204372,0.09091989950653834,0.06748166293450364,0.03280537537385044
137,0.01930610147324563,0.004278231898300677,-0.08403696560609669,-0.097130883198768,-0.18140656729352822,0.018793741945584405
138,-0.0014589863375661372,-0.06644135846388788,-0.026089983683273366,-0.07575487686476862,-0.059209049369954914,0.04003721272344701
139,-0.004922601924204795,-0.0025245767827796195,-0.2132344689290976,0.04681502738221621,-0.07569908583016274,0.04458073747363214
140,-0.012460139422403982,0.025683670267796166,0.022304347829488314,-0.1361040163689613,0.004288965443708381,0.05465927574985417
141,-0.0005469730415058605,-0.022928443878768356,-0.0006228287936843602,-0.039215808219690285,-0.12508715541600512,0.04014759110888699
142,-0.0040810452874394665,-0.05327780008222549,0.021812429286815593,0.048042045124033095,-0.17438644169338086,0.04409965956262731
143,0.004041546057020895,-0.039469588293572166,-0.051636241671905,0.06002251241654355,0.07061674139372998,0.03715286258929045
144,-0.010046550323396852,-0.0012462150183121246,-0.02775728419304202,0.05212439805702351,0.011142535921700614,0.05277411916379297
145,-0.009513741741621007,-0.01074014860748651,0.023580801812038366,0.029743017421458906,-0.004046124794001349,0.05178721248118127
146,0.00398575256222089,-0.05340696781748877,0.008272291078386895,-0.029732897069914388,0.037688581381430386,0.03640011829104478
147,-0.003984154041570931,-0.04699313289944562,-0.028720721971034813,-0.0016921595047749705,-0.06628442745406016,0.04380487435211126
148,0.00042196355547630127,-0.05527330379052553,-0.09336606176211576,0.0973886178156867,-0.04469448812242885,0.03956105260146196
149,0.006162484169516702,-0.08891304026696689,-0.022193592975317034,-0.10269144459141483,0.10746069906608569,0.03282491016576296
150,-0.01344615436195118,-0.027435176089468438,-0.03710613082367453,0.03197099722402902,-0.2938992750157813,0.05379263388597574
151,-0.009506258607736351,0.014569932367918259,-0.10557496646527109,-0.03305869567463271,-0.012477219790396926,0.05026706096933595
152,-0.003011763620884844,0.0007345455547115298,0.025898549465625087,0.038390135596718666,-0.08918467557004747,0.04565869203712864
153,-0.013381280770888071,-0.004219256393970805,0.001215160981225205,0.08457450660871202,0.043050862080517005,0.0567616323613167
154,-0.012195479226836836,-0.018607722602379972,-0.09683156591883252,-0.13418679636379896,-0.003002838224736265,0.05148155167588666
155,0.011456564097586552,0.03747747685143943,0.014615144034045624,0.1668009536216032,0.04759748228709293,0.033371382828927924
156,0.01891694674020661,0.05493668816281749,0.12359400254458741,-0.1163059943681411,-0.1521624444716097,0.023654067692638274
157,-0.005479165374443262,-0.0029090229410363433,0.019692181517710794,-0.048744769823327816,0.12080569872478275,0.04864465346666202
158,0.01187916674145928,-0.011433798568962983,-0.07310474631218095,0.03675330570918178,-0.28984219779346415,0.027751370443443737
159,-0.007639762824959151,0.0059272097070524055,-0.07982870487151889,0.0820231411655506,-0.16869301312844817,0.04888754549751975
160,-0.016701706650561254,0.041771023102673666,-0.04023951334382048,-0.0045961487180601335,-0.0031856307483291713,0.06010931878315587
161,-0.0033604039802149765,0.03467989518124126,-0.022268314836831837,0.07442578579136122,0.00015858829396891982,0.0469897208425984
162,-0.011718022056988242,-0.04544117766140188,0.05592367264699982,0.01884965924775689,0.069875119536426,0.05499119590547343
163,0.006175429444761349,-0.01635250279431033,-0.014250201365496595,0.11140963507760249,-0.09223833755151628,0.03568783547835992
164,0.007675827200176677,-0.011486602987969219,-0.09520893278651643,0.05274764567041318,-0.10359203258326916,0.03199996300693347
165,0.02021621431469045,-0.11319326493119275,0.003778691185808536,0.03533136621265803,0.06967043378989712,0.018852124188472954
166,0.011719213571012022,0.03310407772890811,0.013199037246769185,-0.06952106014185738,0.01953621895916763,0.03039237311085799
167,-0.01988464800429135,0.00983109401857607,-0.042917979002961126,-0.03238903937346743,-0.08671131729350298,0.061556079190765375
168,0.018370109805075918,0.04591302007166631,-0.03011166139571375,0.021164538571746938,-0.15946096131901338,0.022674916427238713
169,-0.010728989019001989,-0.03664359615166224,0.02434632023338823,-0.023734518715113062,-0.03639502117898938,0.05222925871615207
170,-0.009070164093523347,0.05105240341966577,-0.029046189820780555,-0.08397498763806477,0.10872893684168522,0.053334194472914535
171,-0.01045666337109441,0.029641674992110234,-0.05580873627601535,0.048155064834105754,-0.13122781206216122,0.05358650248244612
172,0.005264889357752933,0.02816157065967073,-0.108953138772029,0.08592053948947931,0.09414587563451676,0.03739932015316153
173,0.0028037192774001962,-0.020198947354519436,-0.0061872557133484385,-0.13579586801392365,0.12545123454579887,0.03812441863348013
174,0.0066945575799532975,-0.08130089249659911,0.06553960938190029,-0.03894054917686657,-0.06556303571958358,0.033771432297482896
175,0.011280258951827049,-0.008421196004621212,0.10289228101211279,-0.08147342492950871,0.12982912026592952,0.03224912479062932
176,0.0036269978719205564,0.012501998222555044,-0.08993101602565895,-0.0011119755742513004,-0.08331161012153543,0.03684493802024863
177,0.0046619573926454105,0.007312540295746572,-0.08845971196538943,0.06663827773278069,-0.2893853276649044,0.03535116451065496
178,0.0010919424909057174,-0.002537185424976496,-0.11935856343572071,0.018077010407358096,-0.00045862305040086926,0.03948755837982353
179,-0.018536662560935446,-0.023497776946740156,0.006840211937551244,0.03804272933858044,-0.09615108219264537,0.06073056678481189
180,-0.023282653544948073,-0.04385353885170218,0.06413952848433768,-0.00925366752121004,-0.10097268471603188,0.06539262166183908
181,0.015628279671247913,-0.001585153284248686,0.03617670344922652,-0.11667901431660505,-0.060243936509147195,0.025003513256742008
182,-0.016060914855267616,-0.016040598522502725,-0.04928461316526611,0.04329035092400807,-0.13059193555300472,0.05738250276181679
183,0.0015767505147732397,0.04472885549658023,0.01645518191150508,-0.026068490433729885,-0.004324882378851619,0.041474860340685885
184,-0.013171215110206358,0.08568826539783625,-0.008837931147141986,-0.011814265024017057,0.06627541842579338,0.05846693398316056
185,0.008816223806419332,-0.014903375485155634,0.024973619670419556,0.1204880414793032,0.1576000627976492,0.03545600027778983
186,0.011318562944389043,0.015751519021188654,-0.031195907591165528,0.05668291035659001,0.03210391001340135,0.03100183381399693
187,0.0008269109280301112,-0.09148987876656345,0.06911323619049858,-0.033791157922704596,-0.0009264569281234869,0.039100708289280736
188,-0.008251183205847834,0.025493328784480518,0.011698190229483374,-0.12363005137035082,-0.012605709490075223,0.05052247596847101
189,-0.00613698006201624,0.03803888888544804,0.06052103513985696,0.08026133816977249,0.046175778705459636,0.05141252953078383
190,-0.008265371430251633,-0.027970221253915017,0.07780864260908815,0.05859494006097804,0.058866870092080525,0.05234308492097716
191,-0.005992253872742492,0.013081375177207089,0.046618040931144744,-0.004321018540502486,-0.26148138634872636,0.0487749794088777
192,-0.002902941571804485,0.008721610229414534,-0.07880994789046558,-0.05112733334940678,0.012773807733380327,0.04395074339073617
193,-0.018210107678271026,0.043049909348823245,-0.10525013298329483,-0.02290576731712446,-0.9741713731603945,0.05692596082742548
194,0.0038520060513476118,-0.016147185340382397,0.09197199988023208,-0.04089921164797328,-0.05996713505948614,0.03830922814046189
195,0.009920467902740038,0.011229422071228456,0.06595040183449175,-0.0600698098096783,-0.04143362748558066,0.031674773635257954
196,-0.011870719267368823,0.0051977929125183175,0.021712142808993473,0.0016025186407441216,-0.004716029398159349,0.05504348775890776
197,0.00034324611628266943,0.02765035275794525,-0.053723785441756045,-0.14299285920533508,0.012618143266947934,0.04089228020548889
198,0.0024006498673732057,-0.00414860107375481,0.11867748519942978,-0.14982985650896952,-0.039332204424072176,0.03970938276273082
199,0.0033880047083973963,0.05138709933967489,0.06322293767809173,0.03479897090741202,0.031553841101530866,0.041288592407099346
200,-9.729637273536706e-05,-0.023270832006947684,-0.007937526162340725,0.004276495567925309,-0.15983094380749133,0.03995763952415582
201,-0.007261820109240924,0.038847432265542214,0.07763503033691621,-0.016036589185812578,0.08916347818357839,0.05268981183600572
202,-0.012113939147360253,0.05264962140883922,0.08944639505381069,0.03780585352306376,0.1950525401794524,0.0600634969657076
203,-0.006043113094370001,-0.07064836127820062,-0.030776408691954082,0.05156672648704563,-0.025395336199742657,0.046227668304235886
204,0.009213317920597097,0.03185034158504474,0.02893828664530307,-0.019973015896753488,0.024703024522811923,0.03316874878863455
205,-0.008455161330730432,0.04640916815173535,-0.18524291885309757,-0.04737010025201999,0.12091523183214542,0.05075229596630106
206,0.01072400203181556,0.08062855380926726,0.03237752232402358,-0.05192317378161454,-0.012938720294990907,0.03226112652286119
207,-0.0018626327047281954,-0.004115079923504794,-0.18713644249530859,0.04118399726509081,-0.0271255540627168,0.04171710017458408
208,-0.008716992774179366,-0.039551725075979705,-0.01313725110154712,-0.007359400481067424,-0.22212144237338274,0.048534493034947446
209,-0.007131907086651235,-0.008138751025229984,-0.03086222438910996,-0.05856993930505211,-0.039759889638334794,0.04867315367437477
210,0.020832547020603,-0.010634473159787605,0.014166566653144641,-0.23733676667706116,0.06100199746056595,0.018794006127881766
211,-0.008877696305062188,0.02082047023870559,-0.020307492516414893,-0.0041109271518397494,-0.15315226244984761,0.05015298292249972
212,0.0025188521959198518,-0.01043423620185091,-0.04913604203652455,-0.015145210849125457,-0.027800826198946915,0.03800467293713827
213,0.00404744602414131,-0.004827722244355903,-0.06117074836776282,-0.03498986862939163,0.01442757509647763,0.0370201969936863
214,-0.014220299607428655,0.09387743719914121,0.019381551553318555,0.050206810672360325,0.12276997823602687,0.061502378127507834
215,0.00016161562812588848,-0.1414152754192881,0.02636231050215998,-0.007912308547853852,-0.014821403263195754,0.038972551703850875
216,0.006308708971669574,-0.036131095419425385,0.02007329996926277,0.0029941199388868744,-0.09155994332136289,0.03414244705737619
217,-0.000526233624369099,-0.07784671487758654,-0.0262172907355554,0.04268873061594608,-0.17233742663156276,0.03916184137521923
218,0.0013828368508752575,0.04515608303093965,-0.006506425388216885,-0.18103379182930962,0.035396902968672206,0.03982904178049321
219,0.0010131470237273454,-0.00882880466719782,0.01391445343714004,0.05841836789066501,0.04260510083981128,0.04173824347100945
220,-0.005034073242576986,0.006334772971393732,-0.023926980042300483,0.029977683504659403,-0.01354366564278825,0.04753964733485882
221,-0.017644615263577634,-0.08501110721882688,0.031572083805997964,-0.03806494397830412,-0.016049358812438075,0.058535865946053124
222,0.0013453321349838898,0.04961874494683183,0.06186322451607684,0.023416914625445928,-0.18102516909354682,0.041705432174421006
223,-0.0008264787536963469,0.01775425243585793,-0.11241403187571053,-0.3345719253138913,-0.18436565270769945,0.038102701836257254
224,0.008794335913382856,0.01617903794981934,0.009438840121926417,-0.07653737563210489,0.10180232158017438,0.03354740865275799
225,-0.004242494654573714,0.013341900611899105,0.047258704698641796,-0.06554415231591276,-0.03201624740707079,0.04651740039176129
226,0.00826331939659175,0.00857886409899078,0.0006320414581928446,0.037822096560714724,-0.06908944275789261,0.03354636583647844
227,-0.010193280129022986,-0.02701764444122412,0.025862077134115702,0.0407472791265599,0.002445207225948598,0.05239512781937811
228,0.007806330744240864,-0.02922023830369147,0.009000639231509844,0.03047711487032395,-0.010058095476281781,0.03344140344906555
229,0.003134099400314394,0.045284025584049536,-0.17279331535217035,-0.1794600834847924,0.016575146767761673,0.03662622039915095
230,0.00021813421856164972,0.0054210999000210425,-0.017014015663413762,0.02596376783939114,0.05031348324712459,0.04251745002219577
231,0.010973021952542794,-0.012463961923512845,-0.06927438132850561,-0.12973707101257162,-0.33657721816755864,0.02638783388326101
232,-0.012365544666731565,-0.11634433746603334,-0.06223838325159253,-0.20686069159427617,-0.0021487196869836855,0.04959077101175662
233,0.0214575570176887,-0.060227092456583975,-0.1671853769028041,-0.0371587438594429,-0.024007370699141495,0.0152759092759532
234,-0.009171749905903637,-0.007039852235290689,-0.12235089669517812,0.062084272668409324,0.0029627953103396054,0.05111171116024798
235,-0.0018207523291760008,-0.027879457589295664,0.05321242851779717,-0.1717945543259799,-0.29144951649681883,0.0408965734336889
236,0.005808708305965915,0.06266244802710519,-0.052572147071826114,-0.16695969841251734,-0.15984089247028044,0.03496429594466645
237,-0.014270829863450962,0.024019842655550572,0.06878139031194852,0.16431560983595084,-0.07101154539782756,0.05995962106333445
238,0.0031870150112287554,0.0504380879480657,-0.05098726881304716,-0.05451574733327108,0.06138195444551636,0.03944683746116571
239,0.004498861723302605,-0.08838657928794658,-0.10753870374153501,0.11876778380967579,-0.06067042130296538,0.03460285968317003
240,-0.0065974949097443725,0.043208891638155444,-0.05384852305668364,-0.06940434937444051,-0.0034635982328070913,0.04824306919890969
241,0.004664131442132957,-0.0022564957339270553,-0.01428734333962367,0.08077161968686647,-0.014174858715601257,0.03741061049087439
242,-0.027403213758859235,0.036344010533870263,-0.1340361780902778,0.05398702010410328,0.09798974289649842,0.07150616062352783
243,-0.010315968879943238,-0.010684959268775884,-0.1310481702320378,0.05244851379253135,-0.11273183702419157,0.05093297717491896
244,-0.007496707275162051,0.03001488714629441,-0.005959781165495337,-0.1535369224508144,-0.12850106181638513,0.047747415410193755
245,-0.003437527625426151,0.015558491183063738,-0.08886635309246921,-0.03622438006461942,0.0044760945706437405,0.04439960384403694
246,-0.013359067737756192,0.03972565846822973,-0.07498560508604024,0.021617855427657207,-0.10431362669328226,0.055441226939065745
247,-0.0154974817583855,-0.09110994445146003,0.0028625336932489587,0.03469662259684553,-0.31696161277926055,0.05426320574600941
248,0.00035230410816633473,-0.012545050531863389,-0.0026642537998095572,-0.004032975105434045,0.07067886467186146,0.04161686778388321
249,-0.01933793039231413,-0.017776119166626136,0.0034214149207131284,-0.1065408360143526,-0.010591235806626076,0.06101737555278487
250,-0.009321251936919128,-0.05375369965559451,0.0786521459158992,-0.024770754296753628,-0.09187960615064972,0.05091459739471993
251,-0.012353681405064543,-0.06874842683990312,-0.036863006681326915,0.09052038392692807,-0.03662425398650468,0.054515185840924824
252,-0.0007882903681806219,-0.06459448076603658,0.002476053491216046,-0.08829417076937668,0.020138637639748103,0.04012126269999498
253,-0.008766062852953782,-0.053077123795198244,0.06636274334024739,0.07396484461937797,0.11765375437861098,0.053783159435649035
254,-0.0048388299334127804,0.012969466566879362,0.09987574533686006,-0.20611980610201838,-0.1614690052989514,0.046343257717544654
255,-0.01956554881824013,0.007374621108989454,0.03864524686090398,-0.17106495946097894,0.08423148252851914,0.06226381817889396
256,0.010463245733038695,-0.02574317546112037,-0.16969448151369604,-0.07927253145356794,-0.10373425526901253,0.02711064493108079
257,-0.0004090345232750092,-0.037382149595838965,-0.05183314533468125,0.08384925671593613,0.06311377014774094,0.042536076138233514
258,0.005663395772880442,-0.08774212369585699,-0.0620535128157661,-0.02811247862241939,-0.09763495539293579,0.03166706423668474
259,-0.010513751214866418,-0.08658658564173849,0.08762520180603739,-0.12197355890213701,0.045553830349991276,0.05178844537164514
260,-0.006295576224980115,-0.0020953946581362404,0.052516353049721576,-0.030291444035345005,-0.009128993747682196,0.049420587592517586
261,-0.011149794884814823,0.003591865245342385,-0.0553753941941022,-0.07557775634260866,-0.04682600765609393,0.05222387680639331
262,-0.005213069189138442,-0.08283662101792755,-0.07022420272348001,-0.14671553187339906,0.013829356189502373,0.04328071263424026
263,0.00350988566985011,-0.022752371067636834,0.04260018849121827,0.0357174749093121,-0.08492407323079762,0.038086087160834725
264,-0.0009881824946400553,0.03533988443554681,-0.09886128751038736,-0.0328848576798465,0.045019926636738594,0.04247295646190323
265,-0.0018024479087263012,-0.058492209086028035,-0.0548312287927426,0.021513044485421684,-0.11712987106735537,0.0408614651211019
266,-0.005645302846545075,0.10560668016947106,0.02892736227578796,0.009387982378223358,-0.004260950746228093,0.05105622934975854
267,-0.007652206184477817,-0.007061017270339143,0.04516036550244373,-0.043953855153067656,-0.40466657441709486,0.04863435110716364
268,-9.874230889184155e-05,0.021313796057396472,-0.0713110674579685,0.0013146657801100803,-0.25461885236310916,0.04074979944612351
269,-0.003077133316788161,-0.127622810111096,-0.14714706864976113,-0.062286073760335126,-0.03797562615687025,0.0393225874198677
270,-0.005205854347724581,-0.03404782146592411,0.01047701254331801,0.16269172534538756,0.027386264512866243,0.048841455489815236
271,0.005201059672687469,0.0017200081134884915,-0.05154710680152075,0.028998543662098475,0.020020298354169408,0.03639590438978612
272,-0.01529056562310016,-0.005402206701256906,0.10875199967821725,0.012808779434681561,-0.13585168941938114,0.05891618189195906
273,-0.004574174197078951,-0.038325893886569484,-0.006340167921839779,-0.11198820606233478,-0.039523543622643154,0.04470088579312305
274,-0.0030059309006550405,-0.006604415495710558,-0.0689679289788182,-0.006509507595825137,0.00013674757598347576,0.04398037894306035
275,-0.006885139827126241,-0.03838165112707481,-0.05193034134799668,0.09133902598808386,0.029426001944920954,0.04903518800649872
276,-0.005927297492707817,0.018558360860184475,0.002169163005886987,0.032003191901126604,-0.30264859254397986,0.04737646663827054
277,0.009236536646838323,0.03305950720403117,0.0264796109624843,-0.050208156002419346,0.12921265844903257,0.033876334098749974
278,0.002860838948760769,-0.06837955240235616,-0.11663766511972945,-0.06308781998418117,0.13411066412160383,0.036231691399789635
279,-0.021847015414081628,0.008220132102016886,0.002187406094876887,0.0808305008127988,0.03045150469925234,0.06653701283794453
280,0.0025333345398972362,-0.018283136011305712,0.015401276511275652,-0.012007367785504874,0.1373513799054476,0.04015504955771012
281,0.010130122538807296,0.016515066977034754,-0.0722973366716071,0.030400924413840513,0.04851566292560838,0.030919683457326208
282,0.02300881040340297,-0.04745474004382244,-0.026170155201750478,-0.30637072380633384,0.006979575023309537,0.014241476978449281
283,0.006284021069139278,-0.008275082896375352,-0.09869550462085469,-0.04727736117591652,0.006874445684877162,0.033200684492652364
284,0.023802073559612502,0.038269929545966974,0.08116975339456522,-0.21975043546484463,0.022007272676747458,0.017192373106043306
285,0.007691433630902411,0.05599221914403385,0.00606331316691433,-0.16337122026873294,-0.13069566139630143,0.03373557494578654
286,0.010850393391205415,0.03632701211349043,0.006319423320661266,-0.03296230699848118,0.12490473779251282,0.03222181022074401
287,-0.017870021487354837,-0.01990616276176571,-0.015221078470092131,0.015126322791991276,-0.0682931410463875,0.060075513199402845
288,-0.005734209476636831,-0.037931536035893276,-0.03917203953769677,-0.008949809851330648,-0.0750653077364698,0.04567864284657808
289,-0.019150722691005706,-0.03481361968604901,0.05766870218364639,0.008949677118834654,0.004933092930737792,0.062341022615669865
290,0.0031867924487389843,-0.014033569235263332,0.008215324326194207,0.07393412221163692,-0.09815874361594704,0.03799520917292812
291,0.007564987973478043,0.002899103805223069,0.042224707244864934,0.014403975206597586,-0.02701529084938456,0.03489438610518828
292,-0.009218141839135052,-0.04366537502811796,-0.09058900572405487,0.06987609457924043,-0.19773916217812182,0.04895758061435627
293,0.012518283423247123,-0.07225068616048591,-0.05290045358592388,0.04205983463998064,-0.03657985516595391,0.027338660040159085
294,0.007971287425808216,-0.032646501953410234,0.010141854182436627,-0.011999174422200332,0.11234439259846069,0.0340157661923744
295,-0.007834642873154163,0.038332267258934904,-0.00647879742365326,0.011760537468653631,-0.060471458045968846,0.05062366938584201
296,0.013821649378539913,0.025716424915758096,-0.15980879157489608,0.056010741112006324,-0.08853437632885458,0.026007556621074946
297,0.000551682530932851,0.05231609236438195,0.07681019673904976,0.17390138739540373,0.023949671808952633,0.045902692618162294
298,-0.004767480889545372,0.031436291233713276,-0.2014731687018605,0.008163272443626635,0.08568748603836024,0.04688457611903668
299,-0.003581945721399249,-0.019008031345776,-0.028041259959860287,-0.03213477483732524,-0.07625790730063359,0.043802495379609355
300,-0.005446447106400076,-0.015235596242487826,-0.0042698439407957145,0.012390121422910627,0.1009238014776529,0.04784769780684801
301,-0.011090092723187062,-0.008170142269587566,0.03892393776919356,-0.07542701308953792,-0.11380990627654985,0.052964195773959
302,0.0023655280101038123,0.01288730429293028,-0.09078317504684286,0.04805670313534022,0.0793086240110652,0.03944524405258526
303,0.003056686466345271,0.06364438847331844,-0.003235278162686983,0.020518562771820015,0.1892875579105628,0.04193535380155681
304,-0.014735900153139636,-0.02862721094829035,0.02861271397631504,0.005761109266102349,0.028351461478665352,0.057961012639556976
305,0.003574366803767548,0.04985235593581849,0.007114085751845467,-0.171844755192841,-0.16672794977368807,0.03682026547207297
306,-0.002394924648576935,-0.010066661448914105,0.02582710074741601,-0.06608324403400018,0.09841622833245939,0.044650235654609606
307,-0.0007558220517581704,-0.01909517091537094,-0.08996375164172699,0.0400170780598883,-0.037485013117389054,0.04136875081274466
308,0.017431505695785443,-0.014948054043447012,0.06667243856532135,-0.10314985774268082,-0.036780897170619276,0.02324186013731869
309,0.011368986617899424,0.014064913796027811,-0.04923709787295144,-0.019477437709738143,0.04319270335015646,0.02999153312603703
310,-0.010070039901145744,0.047389148842771234,-0.11458016068367288,-0.08885591756500894,0.05706135412044788,0.05220033890641389
311,-0.01756503625959993,-0.003310319496090175,-0.0768876731365184,0.009841940163546892,0.11320980930620222,0.06002560881920344
312,0.003464478544458638,-0.008105339198007377,-0.09358053416641055,0.016390201943328464,0.042509219428020606,0.03732678097729659
313,0.0019778903904912326,-0.007007038142959665,0.06557795465873129,0.07352880137398832,0.05059308702021953,0.04216184114322732
314,-0.002381389424266911,0.028656010213572003,0.10791919336241507,-0.11958035431397573,-0.17329878966478082,0.04430361557188626
315,-0.0007096202810166208,0.04106102706704429,0.027736863684733604,-0.03873010185039005,-0.09912933112552316,0.04347131677827237
316,-0.005574725529856384,0.0395916551172536,0.0018601103612497782,-0.19421610631028066,0.16911011758848482,0.04965839543296988
317,-0.013932736965769132,-0.028075062802815798,0.06049309754477017,0.0711904257888496,0.011866780801013332,0.05778246262205703
318,2.883595304692399e-05,-0.06884871849892271,0.010857489342699256,-0.08879726712122721,0.040588203193303196,0.03962628963760872
319,-0.006693268900422211,0.031197939407407782,0.0899342543563113,-0.15849005101738964,0.02589375013523676,0.04985524633212808
320,-0.00786042185368474,0.029928852632607472,0.04461616155059989,0.16155831195145975,0.026166638489327043,0.05437137757828714
321,0.0036853006433652524,-0.04625133587766761,-0.017917526844081932,-0.026189422531808837,-0.13450912244704105,0.035639145843545154
322,-0.02553095081894874,-0.05670156116242886,0.04726769588228852,-0.13649216866935082,-0.22977848621380415,0.06562349659270021
323,0.007396820634017143,0.022176054990123872,-0.048735456842501246,-0.005664511268701156,0.06780679759556302,0.03413143914877274
324,0.001927808329720948,-0.16355969224181255,-0.0774743119957027,0.04008336644902971,-0.02168311807942791,0.03542618614447056
325,0.009225681582446299,0.04116606061341099,-0.026195761657513528,0.05046407671769565,-0.016345341056779372,0.033061436532569315
326,0.007309475190992343,0.025209032720379443,-0.06739138648316645,-0.13045386314176347,-0.11149454840142695,0.03212325140707235
327,0.003408106579710024,-0.024314129810494856,-0.03073817815409141,0.053074529517976476,-0.04393435743522167,0.03740344737507785
328,-0.0040195798701129215,0.02539555758583889,0.03126073215126124,0.020035251875930693,-0.30875459989314097,0.04572190265863519
329,-0.023367998946666635,0.014139391219595177,-0.08558792942596172,0.0242202126374369,0.029826847007142998,0.06618271952344512
330,-0.02362934568052044,-0.026948663098582792,-0.059225229899075804,-0.19162715075655318,-0.03690096792236733,0.06383396096014331
331,-0.016889533990166017,0.0688481150888981,0.007647397740855655,-0.000401328640101728,-0.01623819309839697,0.06160876292344856
332,-0.005672209829699515,0.046695039619732426,0.08258619615600704,-0.03271461885913285,-0.13214399046786296,0.04894023477713053
333,-0.0008539817840206299,-0.023390989103091342,0.0338407771689625,0.022282840584965102,-0.06087779789319647,0.042315865918330746
334,0.002577085111165056,-0.0409837390007981,0.05965280388332295,-0.04641864106564303,-0.014957394277563651,0.038705352257332015
335,-0.007997599609288919,-0.06824757870047049,-0.155841283729719,0.06143458974071314,-0.19416473600588371,0.04629656793779359
336,-0.0037664126890804006,-0.027074392675007997,0.024275203457011507,-0.12168333582541885,-0.10334701410422995,0.0436583592725543
337,0.005135682702698263,-0.039332054946800366,-0.05092903927808168,-0.003397361315669145,-0.05965948895111167,0.03440055676712073
338,-0.008705709235856895,0.004710776342687684,-0.09032412775356297,-0.07647910322682638,0.07929291720265491,0.050097299196938914
339,0.012224807536720395,0.08085566797594945,-0.019093200191796944,-0.12885601564924798,-0.018027039924700006,0.029206438817138768
340,0.015709313849930684,0.029830882648141488,-0.045472841182467805,-0.015823682912712966,-0.0686007684564986,0.024579241558870854
341,0.0034199308794606864,0.0436876609259127,-0.047982159207247965,-0.3378942461653652,0.03934512904584536,0.03678066284604611
342,0.007137064248292191,-0.09143046435974167,0.007830607033832981,-0.04950533896501014,0.04398627762083773,0.03240356076357275
343,0.013766813894283692,-0.01225955330895978,-0.028101095936528375,0.02759449504013972,0.026223197957105038,0.027237464184930105
344,-0.0025893216513844797,0.01570938607195982,0.020280948389200915,-0.045440825416241504,-0.02734553617838198,0.044133735853183136
345,0.0007529465639173338,-0.12049604790671686,-0.023339472879001566,0.05907515597771368,-0.09894067720662145,0.03719581686959427
346,-0.015221078785548459,-0.043100382944509574,-0.0485219894764371,0.07602441812274713,0.05607944137831983,0.05790600766573407
347,-0.001160249237516453,0.028451006811373913,0.0032979023867850676,0.023726891991406818,-0.036737894152050254,0.04490535961159003
348,0.007912294348572324,-0.07106970338478735,-0.016918226647735013,0.015827684407664855,0.16746968100187143,0.03298272133861647
349,-0.013846608098513347,0.002135564859979233,0.01787992699509855,0.08081667023091554,0.0979955582987303,0.058770767507840355
350,0.004076864766969113,0.03523719500484057,-0.013756793736567907,0.14121394163163103,-0.11283563813937761,0.038793719831585444
351,-0.007070256495197769,-0.005493864264732418,-0.1325939838600802,0.009497281539819824,0.02037493521115108,0.04811589212092458
352,0.0053129217924499095,-0.0044786720971619065,0.07353742518129514,-0.20321454526823723,0.09165727045693223,0.03597263126376274
353,0.013460436979084722,-0.036470099900583364,0.08824932593587109,0.04760141395799816,-0.25769480755849594,0.027089323906651044
354,0.004996994101564622,0.07046692877899641,-0.054905656289413574,0.10463848400583631,-0.4661658151996285,0.037774175035761436
355,-0.004085765032049715,-0.03381010282953545,-0.03556037613794771,-0.08179072831564427,-0.17670759885707515,0.04266898870839395
356,-0.006772034816096673,-0.009329797600160394,0.024822510446244173,0.023182736764605416,-0.13185433421296444,0.048298129943060486
357,-0.0015623253399187353,-0.03057090038353083,-0.017185952018880846,-0.05955805467454389,0.08579322563059455,0.04240516227435474
358,-0.0023978850100088156,-0.04258416434760315,-0.0037588120347158416,0.14172629317860153,0.16930648516834745,0.046919080155893786
359,0.023904309532563284,0.046027484164535615,0.08726532708959045,0.035110102373313856,-0.15538962728188588,0.01890724207605417
360,-0.007043552931011554,-0.051761997009324046,0.025963218390458564,0.08121989295198839,0.03246003592543917,0.05014554775780089
361,0.011977800532271043,0.004065870740870725,0.10910774726457917,-0.11996621772588095,0.11066974439250893,0.03141445277651292
362,0.008296180686231391,0.010923556116010702,0.028343035812552597,0.015037589284709718,-0.2614184713674388,0.03249919201771063
363,-0.007711033397454936,-0.02766256761828434,0.062403849837823544,0.09548578190616291,0.03292174352357313,0.05156609135739491
364,-0.0003519485968181968,0.03666831518224545,0.030073822213920298,0.0816277753032934,-0.1493826098230802,0.04335256617631676
365,-0.009833801994657554,0.05399993212825038,0.0353688821636049,0.05872289518445761,-0.1504195079907787,0.05363540616623868
366,-0.0037540582780956067,0.03266420947621307,-0.03366488761308034,-0.11329089362923189,-0.05379376287978871,0.045262998893816624
367,0.013038361361415118,0.006481410605687965,0.12028191420965295,-0.13423579396920468,-0.10867454306882751,0.028244451475507047
368,-0.010650563321302098,-0.017383742525259205,-0.07183631601992091,-0.01619785986639749,-0.02250351830368219,0.05158152504267946
369,0.00951967214617433,0.025885197765026624,0.050662902540766,-0.054369858505832924,0.09510597616987887,0.03378920850096056
370,0.012123063808785695,-0.010445327735385312,0.0017283283371627434,0.003917083585695091,0.024476786517726834,0.02894127767775408
371,0.0021986191478049477,0.026871305748666696,0.09046600117211534,0.15112055316088047,-0.04039164869701328,0.04286889916223063
372,-0.0029459101150550726,-0.03802821497294473,0.09427701975299518,0.08444489610226458,0.03101399119244408,0.04693034519278208
373,0.0007081621273246075,-0.06817838605339799,-0.20017734584858465,0.05033990852896153,0.0379069604608967,0.038007679287089195
374,-0.002487506719796917,0.00653991539947274,-0.05051882559416315,-0.1524915286774148,0.09610240969898282,0.04365477130733379
375,-0.024654953341793573,0.058249581526719774,-0.03682744964680995,0.10096307522946907,-0.2171376671415871,0.0693647926921798
376,0.010214968293081661,-0.025878506211479135,-0.087527099338916,-0.02329591904606254,-0.013242224024868188,0.029551182195795264
377,-0.004616415209889202,-0.06477532890464133,0.005779114997838564,0.008754509038272018,-0.16934679394173452,0.044504207668743585
378,0.00633641877310076,-0.027034690543331963,0.03599082211470572,-0.044570313592171174,0.08470772128177873,0.035232866966094116
379,-0.0035162562114890994,-0.010770169572043464,0.05476549394703101,-0.062281219255086284,0.03319247358892369,0.045761330763165645
380,-0.0005449616041390826,-0.03664762281660672,-0.07866192907722391,-0.27991511692119625,0.07863083875623494,0.03910810242230928
381,0.008267868742035445,0.017933222685571182,0.07231838910954436,0.00043071117353027377,-0.015198739887687468,0.034284737299429435
382,0.025408149217095,-0.0042301207257050555,-0.03412422712805541,0.05773779081322694,0.11287875034620348,0.016528250066524013
383,0.013951476388030404,0.057657513348619904,-0.15678563082714808,-0.1419192811767566,0.09956052871030024,0.026625626136155916
384,-0.007172795564383105,0.018586131242140924,-0.01649116700266795,-0.0336007970278705,-0.0018504512391565031,0.049239669418700394
385,-0.005612040435962307,0.0018589165853980516,-0.09921709015350194,-0.0591505386627697,0.0530752491772597,0.04608457078347801
386,-0.002449656789040855,-0.06090333887349764,-0.03286823519630372,0.16045804633498872,-0.035773447835371314,0.04428687351854624
387,-0.005019408159594452,-0.001549274729197303,0.03486494551206443,0.014388264128138817,-0.126719387975537,0.0469548872035697
388,-0.001611156913861267,-0.01999007867124314,0.0922174727133721,0.05418524754507226,-0.16915398579931407,0.04409252584637561
389,-0.001103924605274642,0.012883723604849573,0.10264280443341423,-0.08205880136022398,0.11389653066975791,0.0458970774774074
390,-0.0018251927013350766,0.018747414059188228,0.04664861277262988,-0.06371055739610032,0.09848476791850425,0.04573652562645238
391,-0.008642860835939792,-0.10696437735010589,0.06992564260248035,-0.037227109574665906,-0.07060053877449601,0.04862389957646792
392,0.017221704794969206,-0.017075100811006716,-0.04041019709299459,0.01303167957443796,0.08585210720126157,0.02361603010292074
393,0.012404877244200696,-0.000624935877503785,-0.18217234807372473,0.006155547632373082,-0.04263278194402395,0.027265945597018434
394,-0.024427203524557184,-0.0701649968994359,0.014220711343794434,0.10893987655533738,-0.03728916497757881,0.06740578483601385
395,0.005868918409831947,-0.034598065026679836,0.09606283105862568,-0.03338847311474907,0.12499122491652814,0.037145638165254784
396,0.008597366356501324,0.04032548313510931,-0.08051250523858205,0.07914950061210546,0.07820100656924711,0.034447034736588465
397,-0.018025747172975004,0.010406932180753281,0.03151676710777973,0.020091574593737616,0.03325133798610552,0.062344059439834384
398,0.01534150872877138,-0.0007500955586891012,0.020275792718696062,-0.11115317755414228,-0.03763638168964498,0.024497002899763903
399,0.013990938105679973,0.017300045510635464,-0.1204767043666557,0.03399556724825059,-0.12443548595703577,0.02610058162672776
400,0.008119875586575676,0.05651844961461494,-0.14348669315648666,-0.18071129012304504,0.07786427502886212,0.03202741317571162
401,0.00465182570245859,-0.06010391075737265,-0.09602977512699451,-0.030142048604471894,0.029745670843077887,0.034276975204916016
402,0.015499914200518328,0.005974966030025564,0.010057445385934005,-0.04996886631551101,-0.14155362588560566,0.024612072086099033
403,0.007682077202270765,0.08085752016454528,0.031541355423978956,0.09021914102062617,-0.049070799333633786,0.037361333013936564
404,-0.01998540059274423,0.04070783889958918,0.10797222496599523,-0.03557583911597195,-0.008663609140262124,0.06525177625051856
405,-0.0021183526341693737,0.02958207434717708,-0.015236386179297956,0.015756516886527516,-0.1000827089776872,0.04508822125249499
406,0.0038170401090151795,0.02548535701087018,0.11844445931408709,0.006530505270073261,-0.17605514092817104,0.03975240359135132
407,0.002390150052334672,0.011848234578219707,0.07270907592721798,-0.18434321323601696,-0.12505177299871134,0.03793515822329973
408,-0.01329511876231626,0.00735337213870324,-0.011272268726349066,0.013909996747140996,-0.08528567046477803,0.05507764217052609
409,-0.013065608561164677,-0.052886636054245484,-0.027873989980647773,-0.11081444070696606,0.03381158215375624,0.053424538096882496
410,-0.013420875635843155,0.006147067845657883,-0.12111770947106609,0.11869561676148677,-0.07490200812885833,0.05537989774840626
411,-0.0035975930756767527,-0.02714713940348079,-0.07861420764516996,0.0008360458290265216,-0.015229827522049794,0.043568227914085586
412,-0.007191696410294712,-0.035561004472842384,-0.07706234728855171,-0.20782878268346142,0.04093709899559511,0.04656868335922845
413,0.00640459206302868,0.022915816680210033,0.025876563743602254,-0.07603810834731373,0.09637739115439437,0.036812179752239174
414,0.0066319094237157206,-0.09219410403819928,-0.028841227153576843,-0.04292349065239942,-0.12829734413028965,0.031042557737084826
415,0.018872793474633554,0.05085486874118039,-0.07929520787814898,0.06672682689527076,0.07838873896834991,0.02365243143034004
416,0.0005963165826008421,-0.12288274384019271,0.1006659127575279,-0.1120906653399309,0.10615110547059847,0.040634452050846814
417,0.02662136513516722,-0.00881800795512755,0.023490490349200588,0.006467628778096479,0.041330161259032605,0.014162510305255274
418,-0.004367627503633398,0.03699933267158095,0.07941448255202643,0.07451044719523753,0.14284722583671405,0.050379921494534574
419,0.0027955451701155987,-0.0017800374208425396,-0.04322247714668326,0.042123232902511853,0.0009900657237424948,0.03896435826701582
420,-0.004818063757448088,0.020956894949400562,-0.037464411678894805,-0.08197305397381949,-0.1474077152756067,0.0455376359460839
421,-0.010824276709576752,0.03620341891717471,0.03802213308923408,0.04512070735872864,-0.26961605418248225,0.05353618806579816
422,-0.009770604821013773,-0.007044070518592238,-0.07515342827714794,-0.0035588322394348726,0.022242690599196813,0.05097555193815442
423,0.01354886337804695,-0.02167308078457264,0.052149377296171195,-0.024558163970372138,0.0026257561316471167,0.027351129162121287
424,0.005961333307677785,-0.014674251585332754,0.038581689444412315,-0.0972557670478883,-0.08096342733063072,0.03442968690205871
425,0.003099749799759577,-0.03892084775205562,-0.009518895641347835,0.0022630896650998045,-0.012245263897072811,0.037727189720825845
426,-0.013688683037828109,-0.04382808936963711,0.13626312497843596,-0.06847617018575253,0.001825029711060966,0.05707879213094711
427,-0.0016021886065528124,0.010880510748762506,-0.0969534949572276,0.031962335159756994,0.01287216059625279,0.043104407119278584
428,-0.008936079684713882,0.015650260906007962,-0.10698610120820529,-0.03267692168540959,0.01317461727318836,0.05037072798067511
429,0.005073177213507529,-0.008781109715541024,0.12845126894859749,0.06696054052118033,-0.061999411568063933,0.038582910561497735
430,0.006022383307617174,0.08378315426630245,-0.08348905631586834,-0.2473470910632587,-0.03800746013439782,0.03458854470954902
431,0.005888770312472147,0.04300669542227975,-0.11887354392476307,0.006065443022847283,0.10260350863022888,0.037171442704892615
432,-0.0020724291472417056,0.006828762425812651,-0.03369972370932167,0.108222287619957,-0.05140137843752379,0.04443273624871126
433,-0.00038227415911762375,-0.0409452449834351,-0.1008371418399317,0.02620528387084281,0.07502344162843122,0.040801930451978295
434,-0.007801891780928272,-0.06263007839252921,-0.019786361066175373,-0.2862150356051665,-0.055601285933292055,0.045414983207456135
435,-0.006743370579507579,0.008898253788201638,-0.04947574096233048,0.009342973586424663,-0.040956249809692064,0.048834582600466636
436,0.01657386829163432,0.014924767348096113,0.01842065187860975,0.09178256042473015,0.0136180736255187,0.026141516283179227
437,-0.004088094061581615,-0.04059309494512975,0.030042081621495798,-0.08806899176089594,0.03325604968469098,0.04482365535870849
438,0.00776477564794642,-0.02277364498244061,-0.0008040036403360595,0.09655691089155288,-0.03217588270417404,0.03430890105480594
439,-0.015593352473345479,0.010566764685843388,-0.0245606673652623,0.10439373067458291,-0.1303562082836956,0.05888035227181099
440,0.013092423465287162,0.0027732099494884865,0.051430338933270314,0.060764471132308984,-0.06567062507240862,0.028651525463952384
441,-0.0034126463667177864,0.011058769104962951,0.06139483402230972,-0.07335808000715377,-0.09846113020558639,0.04521048243358291
442,-0.0111895250711046,-0.006181150859194684,0.00381171032311034,0.05452714975654571,-0.006588187664477191,0.05408020080529659
443,0.014642740127478904,-0.08430597073172585,0.022381437637233215,0.06888111165581329,0.06460656478557214,0.026205561864566698
444,0.008800927789134771,-0.001880066028640881,-0.031052030808985387,0.08196552804473362,-0.12813489536933664,0.03246611221139519
445,0.002921455694097741,0.00022843584352905122,-0.12920774084142767,-0.12284754619930527,-0.36995035466255166,0.03406086285591737
446,0.006539984963782164,-0.12120959640357809,-0.01918178549433408,-0.05670115258829139,0.07021658946699555,0.03238917095300421
447,0.013775847900380889,0.013027271442215715,0.003438957150746047,0.05414387151509675,-0.18708264211900316,0.027231538836643813
448,0.01931147234459596,0.016900043994042213,0.006813778916152757,-0.11619514887636012,-0.005119749263709977,0.020892973194504883
449,0.015498279229496648,0.0031567572102721986,-0.16710991031562217,-0.061584971858657855,-0.08673835673135785,0.022780187676085552
450,0.005742914282492517,-0.03921479862538535,-0.005330988418035032,-0.10217637593723589,-0.15377843251489146,0.03293973177792613
451,0.002975199015247787,-0.035469338790590665,-0.03852743071512088,0.00828255491531471,-0.16702886556367352,0.03624909769914612
452,0.0007203840716967225,-0.004520768906765671,-0.2773435868215123,0.10523616737357155,0.0371970793959705,0.03982674595145945
453,-0.004270822902130433,0.025299460778835048,-0.028205615586549992,-0.1340556166581637,-0.008216179036796473,0.0451172022436931
454,-0.00916703639180394,-0.027296391582468105,-0.045147420364879065,-0.08503761539928029,0.11279829490928439,0.050954685505040835
455,0.0108660720804723,0.016535752466187215,-0.12257217529631925,0.06828771195701328,-0.03653965784920485,0.02971772554568088
456,0.0035860180425997257,-0.023706599554660923,-0.06070804085002357,-0.04671741499067816,0.09812824787410696,0.03800536653713534
457,-0.005257528047794668,0.04079802168159363,-0.007070968472616845,0.03764990871339696,0.1215379875077307,0.050031974259367964
458,0.010124246227081413,-0.0665397341983126,-0.18920082200221988,-0.13361430302296168,0.06520068465584561,0.02702784642928782
459,0.0037937521373532235,-0.03801310722022899,-0.03997249278474624,0.07782028290089926,-0.1640007952218683,0.03655795109947612
460,0.01585015240341181,-0.03871379689336352,0.0661053346044318,0.03611737335014542,-0.00848252669097363,0.025376853218860743
461,0.0010038535044352148,0.015508179411028222,-0.02563855750495775,0.04840680889249255,0.03620328165748499,0.04212692153932876
462,0.010473881129549723,-0.08239480159563739,0.055915725053226395,-0.1821169819677589,-0.016851907903648683,0.028708113367770238
463,-0.001055998546470649,-0.04622271550324253,0.010823473264637506,-0.24422783560975636,-0.024362626103872048,0.03945605804496736
464,-0.01821550044196929,-0.03569736647562427,0.01025135666701893,-0.012060552912159406,-0.2097821038017358,0.058663790917095865
465,0.010026987837662205,0.020493441646705413,-0.013034178850404643,-0.2859116775059275,0.03340256969239919,0.029432135843738615
466,-0.01038979853166433,0.0013917709191598737,0.004365180445128236,-0.08139708488676706,0.09255957029010403,0.052782807450915604
467,-0.005807298210862344,0.008303860415522668,-0.022097524140049396,-0.07344196637480133,0.005563412002730639,0.04718620438605576
468,0.001140071665332476,0.013218185838124619,-0.053428030750812316,-0.06009359363970507,0.10066713223348311,0.04041844036162184
469,0.011319112951396981,0.02540517745480264,0.006180576259973036,0.09637085789132244,-0.172531949578899,0.030390479310913543
470,-0.008629804568019761,-0.023636491999514675,-0.02511112403352217,-0.044483645546377626,-0.12041122007703092,0.048660899679838256
471,-0.01727919249781884,-0.07808117951360471,-0.025446813180050543,-0.0715372127821024,0.017986448859898363,0.056931477490212636
472,0.001830766289075303,-0.006915876618124317,-0.07534182805574946,-0.10315806736199234,-0.09989955850983848,0.03726713095266387
473,-0.00842018774220632,-0.05216766777640758,-0.038607243655762014,-0.05035716452977734,0.007371716805594841,0.04834084372817961
474,-0.008669247356590803,-0.013819007124976745,-0.057004633776487845,0.07371011467207833,0.1682103570756417,0.052200280972187464
475,-0.003758695761812314,0.032417298796581395,-0.17296812734917338,-0.050764085519363567,0.05505710825122262,0.045154310798895494
476,0.021353476145431705,-0.0020248980448647202,-0.029033004995778378,0.12279772198212002,0.031494609156974385,0.020530725879933924
477,-0.012202165874022453,-0.07701861271388266,0.011942022690477505,-0.05618188696495091,0.0740515491207846,0.05320416920290681
478,-0.0016470815921387771,0.01430859759449643,0.08243082615570885,-0.011304543655991595,-0.08520905085500033,0.044381163293218014
479,0.0053824967181383965,0.031036789442530743,0.008867823804447506,-0.18273148178683873,-0.26673960446611766,0.0342749934421563
480,0.0039902552577018024,-0.025122824778956554,-0.004629195062231806,0.074194478490756,0.06842415160152754,0.038149694643410476
481,-0.009861019685702632,0.008947502804708019,0.02263367028008978,0.02280754960062137,-0.0873019574666613,0.053071447138343684
482,0.004198827890886436,0.0310781064286888,-0.04548028697821599,-0.06374944640177921,0.18270727276196325,0.03880917101753985
483,-0.002252614633378447,-0.04421823220506682,0.11107712060247155,-0.06958419397444998,-0.03922671758835064,0.044927347342740176
484,-0.0012614082930041404,-0.0017725884931278912,0.03411859606691148,0.020552417242695964,-0.1594674952354619,0.04267003827497083
485,-0.020570455959816103,0.026823175640929953,-0.058185674105810714,0.06795395067417714,0.06535591353788545,0.06477151157951903
486,-0.014826586065785241,-0.03684918568233886,-0.008574587126312871,-0.03881144555274818,-0.15931755632297928,0.05459135568606998
487,0.0019807003154626024,-0.04659987926544795,-0.1299048997751494,-0.1083900058706081,0.06555315091009639,0.037067400100425765
488,0.003388362143259327,-0.04284102405287016,-0.07597785221823244,0.011332758676418697,-0.17060037552972857,0.03491514469840058
489,0.004425590984119765,0.017450209834193542,0.013816186863054747,0.04235977032981697,0.07896362327836398,0.03866829135338576
490,0.001989470686520667,-0.08455192877441087,-0.05861543564396193,-0.026983941420380853,-0.0504891401371515,0.03638255247081179
491,0.005627047219980641,-0.08568221594298053,0.0005296541772348284,-0.11916662939155548,-0.17978576430586046,0.03214965511724913
492,-0.007855723823037897,-0.013003693004566275,-0.05164962564524722,0.043487908286224175,-0.22977939061301356,0.048316504924220134
493,-0.004309397770437928,-0.007404201922586173,0.003540423841048801,-0.011146241369429155,-0.16015023499383502,0.04532423009695285
494,0.007803942519030382,0.051733962266140576,0.1120417554663129,-0.08423507714251582,0.14541623826925348,0.03706837222843624
495,-0.00215200612460531,0.0482719699975489,-0.12002792211951241,0.08642037606486697,0.1177403547066928,0.04607818992661159
496,0.00036885255870089395,-0.03095382472819419,0.01709416848770884,0.09792824399877281,0.043610088884778964,0.042693155650958214
497,-0.01244717131301476,0.05471884688780526,0.053617431876056054,-0.013493613713390029,-0.10627150558433088,0.05656226754623858
498,0.019436980063041842,-0.030165233178123252,-0.06503488896621118,-0.08462696171002337,0.00568034996787059,0.018725498654592228
499,0.001401272087093064,0.013577659177165247,0.03630771722755366,-0.0254613437744593,0.14797598701462877,0.042813791197475075
500,0.003527189720302415,-0.014668664017969069,0.0913320524540554,-0.046004991382670835,0.02478622092122229,0.03851070498754798
501,-0.014289825457240113,0.07548969192216481,-0.061276397088460166,-0.07865767668654516,0.04578986862496787,0.05771590889464351
502,-0.004477820848417635,-0.09582482070337983,0.000762723271368837,-0.1083843470236891,-0.14535014949846914,0.042868524180468555
503,-0.003022792071262881,0.0176437137283052,-0.18355662716548904,-0.0056263874104260925,-0.11282247197638604,0.04341581761946727
504,0.003030045435463702,-0.08497288328548791,0.11857756582439583,0.076436591640834,-0.029244929845186313,0.039353278882644005
505,0.013237258720965261,0.05029490303693318,-0.016350717093717326,0.04841562143081041,-0.08184514640393281,0.028682628347086393
506,-0.023334225635130323,-0.008933950236773125,0.09201585687188785,0.009722688629909049,-0.1703555248886819,0.06727163925546684
507,-0.00015017224077440439,0.020731332989866402,-0.01935325492492579,-0.1617580298281152,-0.018193055541493752,0.0409856855287333
508,0.004204028107213764,-0.022946924688349024,0.027499907884335317,-0.11427428685949331,-0.17537688404858404,0.03518875426697705
509,-0.010076810430864058,-0.02549161782130116,0.055764205528576416,0.09243691651762392,-0.050872282981355904,0.053696213539536075
510,0.01830296786064789,0.06338096210873678,0.018253090590864218,0.11619950818795838,-0.0902838928246569,0.02483606737396658
511,-0.009650386765366115,-0.056724194902500136,0.00794582779229791,0.02846669635162019,-0.06422028373816366,0.050782598189499005
512,-0.018300726623440733,-0.07435172000352785,-0.0004434590137215033,-0.05814437306468023,0.09265658969580554,0.05956495572663353
513,-0.0058052984846742595,0.014071604967748397,-0.08318915757968137,0.04474859259190361,-0.040014849991316964,0.04775654487748943
514,0.010950761524709085,0.016841040234493954,0.007027759306344805,-0.11605118275044612,0.09105141861905813,0.030461283176388496
515,0.007306632244953537,-0.025626377174987613,-0.06792207619516427,-0.008625294710295939,-0.10844802093436684,0.032175780469084564
516,0.01414133668685702,0.03815520120080662,-0.18458179832755595,0.11449158554623479,-0.06711920230684817,0.02718810666633235
517,0.018559079429142145,-0.008462587678551126,0.05581378054511621,0.019616391444059578,0.14902238619132674,0.02456325014182894
518,0.007124556223436329,-0.012466328462988452,0.006721535870938822,-0.06736559539784087,0.07792190026514956,0.033988396509277846
519,0.018501142000126203,-0.0538453527716618,-0.10638521655375083,0.0034149423287327396,0.07619188482870287,0.020462993184545485
520,0.00010246834274751926,-0.023988111247790767,-0.22484898429264388,-0.04344225370095528,0.04692495403592434,0.03882254164624555
521,-0.003249909461542466,-0.008102317233356415,-0.13115502380808397,0.010239386397918104,0.08853096453529202,0.04448668197970728
522,-0.016930990842457416,-0.014906178747452148,-0.05237718804331848,-0.05377116194282172,0.07181695988538067,0.05861760948558513
523,0.010347922937222753,-0.0591681144246079,-0.10076523655305458,-0.03360237331871041,0.12256463227819575,0.02927968821131344
524,-0.00931871011483354,-0.16806401707560703,0.028045301310068105,0.022188644548733705,-0.010781893406784787,0.048854370024131274
525,-0.01771183153820044,-0.010212241139765377,-0.07967880412705663,-0.006575655869875741,-0.0030134729283828043,0.05919088317051901
526,0.013864569041471597,0.02524660774134857,0.06623683602637698,-0.020175637731030316,0.06541748406326958,0.02926911220074271
527,0.01536704226389407,-0.0471890417890396,-0.026249149777130554,0.09131180445587989,0.0814083499634764,0.02557928438218605
528,0.009683616589567734,-0.0017048727038219136,-0.05806088032543161,0.00865357621131424,0.0483659333725357,0.03113002168717703
529,-3.810448441499137e-05,0.03448148364167425,0.12142230107246565,-0.05136040841448081,-0.04302328148463985,0.04373662647592701
530,-0.011531361943939777,0.04017872371943576,0.04308599000446667,0.0011905488353017302,-0.05127070746665066,0.055416124156124354
531,0.005935897382218558,0.016068550993324382,-0.07404531215988913,0.0032070804009171616,-0.11913883073294582,0.034974367079593685
532,0.0013849449855085627,0.018168123517517176,-0.043588577835780296,-0.01686750275627319,0.007758908145929777,0.04016802887481644
533,0.002230736641350539,-0.05641957144373455,0.10574217374233086,-0.05904248141076912,0.08256768570631778,0.0397708057015665
534,0.0048977000141012805,-0.0021812533284805147,0.036292713639595076,-0.04611102848225035,-0.09535924969295406,0.03629540838783378
535,0.006506927292129205,0.03539082966473861,-0.11509901121182209,-0.01420797246251676,-0.11209327148229808,0.03351934488291208
536,-0.020952955796290307,0.027861332359436664,-0.03460675525637791,0.004993742658192413,0.028523581541430754,0.06459159009525756
537,-0.0025038820112077698,-0.0636306974175479,-0.05147172792370536,0.08375215060619423,0.022858809179600148,0.04350575243905896
538,-0.019168456556692193,-0.01886304550730311,-0.0068213101984471725,-0.04190211935317972,-0.04596342299318942,0.060542749547874336
539,-0.004859900416960161,0.018150686140435468,0.029177158673258652,0.026537702062570667,0.014725214041093448,0.04829433227917307
540,-0.0020363454629966915,-0.06248917442836055,-0.12843871675159213,-0.04769403863596333,0.06394128977091701,0.04096641669247601
541,-0.010659250086571537,-0.018219619129987596,-0.10646379056332433,0.04688953131449197,-0.0007480202475806941,0.05192385944499383
542,-0.014391967998654387,0.00694179345773327,-0.0007407217549442735,0.07551278983793441,0.16222993681679754,0.05958646365746481
543,0.007061644992650384,0.02978939938480496,0.09833671466551619,-0.011231867441126253,0.13408038578004405,0.037704885307118824
544,0.006014817312981702,-0.004025443493167802,0.021612008492081447,0.06196598892155952,0.12512965281978328,0.03708508295128959
545,-0.014431307304334284,0.0299411806882266,0.03297838164014211,-0.03032310648466613,0.03178491392931032,0.0588980825727087
546,-0.0048650468615721865,0.006621344920749617,-0.06716735595482687,-0.026065141678481285,0.070116988979874,0.04680568147854101
547,0.004248028830919903,0.013644547379022098,0.06457586547088112,0.15784930224472504,0.12494547968424463,0.0414757325315637
548,0.006071246968709643,0.02319003625048388,0.024271874882405342,0.07987222731781035,0.03804647078014178,0.03751827127303204
549,0.01066542895044642,0.029572748733916576,-0.15241341764127025,0.03377984067267259,-0.04284128055240927,0.030131742903783378
550,0.008351932216945412,-0.001939737502704153,-0.04767135082034152,-0.04850518798551112,-0.22169418976735342,0.030156071683721895
551,-0.013152430188358988,-0.019652628442551,-0.04404995601641376,-0.015484123924294435,0.0260400281027951,0.05510643865887814
552,-0.021402483500114866,-0.00926481020737302,0.08346279568615567,0.0347270347413392,-0.21408894079262764,0.06438432657872072
553,0.013130289708877196,0.01707942527240114,0.047899409773269896,-0.04983685452966452,-0.15346099585310663,0.027439313114499236
554,0.00796255767705234,-0.001202042685355842,0.0018655426835005873,0.04275836898615154,0.15351183405541097,0.03541523168625572
555,0.006366905060976258,0.04922764150252823,-0.0713729563456762,0.000751435052224747,-0.5334958831169767,0.032999663343138856
556,0.0003029877990337049,0.05054400281703364,-0.054265317370031874,-0.005998964473862778,0.12900290995521174,0.0431979432672515
557,0.009753765571562933,0.005089760034815427,0.023803673654636426,-0.02559599855782102,0.06475807628875113,0.03215366243821281
558,-0.0045040036925976246,-0.07732811318995692,0.05253101450608755,0.005441952097017255,-0.25747791149450694,0.04444413912325326
559,-0.0019053821499745993,-0.0014704291151957927,0.09913728017482726,0.04388804357991144,0.0455571349574751,0.046462545002061054
560,-0.011234681087332388,-0.011911696993328613,-0.23123621405316824,0.0041918213358649314,0.08721633939712764,0.052043941883049775
561,-0.016510688359175796,0.013808232668651832,-0.08137839245627165,-0.07169865881366688,0.06961263120188799,0.05879852177151333
562,0.010956574701221466,0.026753212689308414,0.13210949032776287,-0.2363752183050837,-0.0884566154813409,0.03029880446948373
563,-0.0132754165546346,-0.022938889510813243,-0.1320442264703761,0.14269687166053968,-0.04492718658608438,0.05531206381654138
564,-0.00038655769766715586,-0.030601028170306632,0.08394919182702398,0.02384184097225167,-0.08966803797657297,0.04266122279106639
565,-0.005695193391339615,-0.01745480968561064,-0.0482862246741142,-0.03788617581263054,0.11364820296373773,0.0473552717245766
566,-0.00760119691981842,0.010036116340005008,0.012256668667290915,0.0717756981321197,0.08265735069491764,0.05216720792042288
567,0.00813511079167717,0.02441637619629644,0.04634065070586313,-0.05967795819519156,-0.10134628842180107,0.03363841654482676
568,-0.002620459238422357,-0.04185981373805203,0.00677875886508561,0.016170896978789262,-0.037105042331960464,0.04360592597695559
569,0.004919929894392494,0.011893629633053182,-0.021302409174606296,0.11375995056728028,0.08014390430181112,0.039381483472323814
570,0.011543693859383808,-0.03666393360799869,0.004094498513933176,0.09336239372442118,-0.03472434135050348,0.029777042807516408
571,0.0023393137508558315,0.006193481310498683,0.00453870433718917,-0.053581561968164104,0.03539244629033328,0.03945241075829399
572,0.015683218043351044,-0.04991441506249794,-0.08613952296845656,0.005820758622524902,-0.16732592984046363,0.022076530304613335
573,0.006256636421073436,0.039973294089767686,0.0356255051947616,0.08531194040187495,-0.03283733020697688,0.03762809865851632
574,0.008251607141564365,0.014682842785297745,-0.08358791002458821,-0.0067831900405532775,0.012107139733648409,0.03247953501008888
575,-0.01854945967891608,-0.019357446480767093,0.10878588301692815,-0.33627245956172946,-0.08354586766015093,0.06007887760666727
576,0.015441418528756135,-0.017661159380544134,-0.0314145757826102,0.0965797901020859,0.07932232315416238,0.026730245983811438
577,0.003620880026879769,-0.034942067343783356,0.005110594477882757,-0.030781432943234766,-0.225881727339475,0.03559226656854662
578,0.0005933514388107852,0.020513199606549293,0.006742123141867951,0.11898504775716562,0.006841791414210041,0.042820570674948974
579,0.006299437280421705,-0.03973581728725484,-0.046084763035000975,-0.054771057002413026,-0.03664557717269201,0.032667456228281114
580,0.004982992697574629,0.009564365651101858,0.05688278999941254,-0.1615981755427855,-0.11563824599021016,0.035803592265824774
581,0.017448068687457186,0.030423951368770075,0.053855614637921545,0.06709088029252952,0.0005397166535637821,0.026601339125926098
582,-0.007212376017509792,0.05611361298750894,-0.10714575378489655,0.009455112267993893,-0.1254180588699314,0.04883059405680378
583,0.002673704325304227,0.03998619610925458,-0.009727523093448764,-0.0010801564704985278,-0.04505170553053217,0.040401253613625704
584,-0.008131801896868351,0.0021844516277523818,-0.007037240786294419,0.04259420010099174,-0.14081553188879498,0.049768043900794506
585,-0.0063036365393129845,0.04022787434979236,0.04296162840357787,-0.09665339540755213,-0.0724337955771506,0.048845984605707056
586,0.005486845620515046,0.043373157850364774,0.000872072738759555,-0.04143228266107851,0.11057064021960877,0.037816486993547366
587,-0.003044104387341262,-0.007141115242045304,-0.0013012991644127947,-0.07512182336985024,-0.10194929688490548,0.04350998931580161
588,0.004524807120381835,0.003695813067474907,-0.1569977844730483,-0.031940168058577856,0.023000771032046174,0.03586338148830437
589,-0.0012745557759666903,0.028538548060845104,0.09535034983861324,0.09136101654371126,-0.279340178706222,0.04468307901875778
590,0.010252694300088017,0.008573586809276668,-0.03905576680723394,0.0715987421780549,-0.21662150124476937,0.030041211162361105
591,0.005973980639295329,0.04431936637219169,0.030728549605288813,-0.05577531789579959,0.014043127365643837,0.03744927354119409
592,-0.014940250199173333,0.007397985126991413,-0.11001081640740651,-0.133890046817438,-0.026924931471513286,0.05525512013387524
593,-0.014491952250030637,-0.026049576882689718,0.044582354373136845,-0.13619105768973946,-0.05780186297674281,0.055271981776059693
594,-0.004425972813271062,-0.056089306130228,-0.2155657363010972,-0.00020964888307095642,-0.09629274309257338,0.04191861032898469
595,-0.022507469238775446,0.010676538644289302,-0.11848787652056136,-0.07951509637488519,0.013937865109266812,0.06394748882165331
596,0.0188499509330029,-0.030380414937555722,0.02930892163826493,0.13514950471630638,0.03640732058191504,0.02476514085703202
597,-0.012182059977431048,-0.06589867931664217,0.13386598669983996,-0.08682234527991162,0.027604998242978407,0.05511878717451819
598,0.007375512919188587,0.04660673624604028,0.11889152053991625,-0.08520831922510114,0.0009772420485784084,0.03621674930205263
599,-0.0006843556965392406,-0.017764799754084182,-0.04830491039434648,0.048008682580359896,-0.06149592212647256,0.042066937090370446
600,1.4303636809209763e-05,-0.030453444662893348,-0.04619352362183693,-0.27059299957274885,0.019721853298753922,0.038880460489088726
601,0.0053197284393160515,0.07065326794966331,0.0682668684286275,0.0464816587816681,-0.011034843705050534,0.03960749314744608
602,0.014907931191036283,-0.06786321204242118,-0.1732389181264513,0.0014791787539763512,-0.0903956311757031,0.02257030975021844
603,0.004049691011526413,-0.05633868536857889,-0.2063815347021239,-0.048220178464409125,0.15006797457955545,0.03478726880591839
604,0.007344744576605278,-0.016951122944822705,0.08935595562435272,-0.17489360211783886,0.08143834699852948,0.03426846146322532
605,-0.01728724507198831,-0.06100129530389464,-0.1672278840106764,0.06909129030552225,-0.002791885659857024,0.05733700569392895
606,0.020501940507634764,-0.01930869989830608,0.08874393605371,-0.08872465179484823,-0.07596861508249769,0.019963223057138022
607,0.010863029668493063,0.04258018054883339,-0.02837285889600666,0.034106720019160264,0.03997602707207942,0.03215695291891116
608,-0.007541596506215886,0.009599254109281419,-0.2663146995986134,-0.08277770960648628,0.05773629124268642,0.04732594226971669
609,0.013808223525844099,0.012491862936239273,0.045657152625423025,0.08723745864065618,-0.05062659129313213,0.029012452777775616
610,-0.0035192150745455564,0.002630420179506765,-0.08417715232587958,-0.08290085637981831,-0.11773713409315517,0.04280808279544854
611,0.008146448357034153,0.02356715698190548,-0.03562871770379333,-0.2830284909401436,-0.015399255157648312,0.03153577857525215
612,-0.0042920313963979995,-0.04939515010706119,-0.0005704030845217756,0.016935411199656525,0.1319906173843256,0.04601302656001972
613,0.002292986348081172,0.02275338926014492,0.08573389818707178,-0.028992431568708565,-0.09295531113787736,0.04054947674596606
614,0.002993628989627073,-0.05514841024909478,0.0061893714780698605,-0.03304536968105237,0.0827977667581149,0.03836396318922398
615,0.0036046813854642146,0.03258888733670218,-0.005621331247480654,-0.12974296330482374,-0.10902456860102125,0.03707388830643758
616,-0.0022538744076177064,-0.08236032183135922,0.013555554510675916,-0.08257796227397962,-0.1354725480938349,0.04070450363462114
617,-0.006338687976909618,0.06628591946219597,-0.05223105393835231,0.14377761088393903,-0.07202670696726338,0.05121422312752638
618,0.01809606480547643,-0.016396505360620095,0.09118464860493858,-0.1464724592824322,-0.02507397944877371,0.021956648544974998
619,0.020023039679051724,0.016650778091055973,-0.005564130294691938,-0.1806736129095273,-0.03656513668947492,0.019014409020627683
620,-0.0010577051878024601,0.03210030498256011,0.03274841434727138,0.028211141899953107,0.10190846359856337,0.0455065005295015
621,0.018554204232275717,0.031223859186721437,-0.1644699588774542,0.0621652007551971,0.017837811344112497,0.02172379453730009
622,-0.0020148307147729305,-0.062400308825144024,0.06981526588510167,0.0059121915570536365,0.021509305161522274,0.04339836112650101
623,0.00013551889644758397,-0.009724731569006995,-0.08079047691310204,0.08872145093945327,0.08637473744351548,0.04195344708564171
624,-0.015383262999000058,-0.0529337509968989,0.08720145431811066,0.08859961303214492,-0.17094804549311773,0.05801637252234814
625,0.002573705440073848,-0.047470349902385856,0.10561336570795687,0.055959570344572884,0.01595719151136693,0.039962783872689034
626,-0.013285506901566824,-0.0448685103041081,-0.01324448862010491,-0.04005166763965384,-0.1373114984308158,0.053486591104372566
627,0.0029039332662725847,-0.0026220343006675417,0.0066874639140950265,0.05395918337571104,0.08758445641210261,0.03957360784603734
628,0.004854485590714219,-0.023277203191767848,0.012061795337417025,0.04834987570063071,-0.04609638654274098,0.036120457495283156
629,-0.002152292969599734,0.00037665429377209403,-0.03852089263611358,0.14083721808889405,-0.005303023199348972,0.04497750787793011
630,-0.011548896697448852,0.011855442963701224,-0.08134651526387643,-0.05701310977218643,0.015405778648143853,0.052631282238447055
631,0.011265651059840565,-0.04779709698388457,0.013326988753076474,-0.21990180029245862,0.05060327223178074,0.026923644702203275
632,-0.003935947262341366,-0.037264228361660434,-0.06654009226597535,0.009355244732589918,-0.11725424343556373,0.04374643120284618
633,0.014437839104127548,-0.031942132265783796,-0.0721191232667967,-0.08954768985618783,-0.1029981091953539,0.023331966799602925
634,-0.008215186381641537,0.035866148774473916,-0.11357268608746313,-0.10908180928582678,-0.016228589964009443,0.049084179158150075
635,-0.0033133409830276017,0.0042675258273321415,-0.058632946939256025,-0.18824911428067564,-0.08247154419040867,0.04288906221661637
636,0.007796617696416597,-0.02793987556269295,0.040094645084375435,0.06037271695109159,0.04395969022269025,0.03373499503961684
637,0.005071482814632766,-0.038906295395575885,-0.08061173097981256,-0.10319607844042727,-0.11620407430690458,0.032950024145724094
638,-0.005685527992749906,0.024051617484357024,-0.009202608150346014,0.03620090063675174,0.051638488192762066,0.04913192514407474
639,-0.013096867302618054,0.014499085344267804,0.018777892630727377,-0.034616483967360556,-0.21660519014896612,0.054849026763335675
640,-0.007114668622872133,-0.02699979372316552,-0.04007835374221208,-0.11549531143178826,0.09089007421624168,0.04827100829416704
641,-0.01041185125511701,0.012498883891368329,0.014342951158469397,-0.04279117889722295,0.09349147513874029,0.0531431344858096
642,-0.0005359328568091959,-0.01127212787503018,-0.029868647278175287,0.027272116180719452,0.08791056219864096,0.042717946885039236
643,0.00041214701861247427,-0.008064595258807539,0.029709301840082913,0.045289659283363815,0.07106991986414035,0.04249489838324644
644,0.009248233766264713,-0.023682840638954872,-0.02800599409149318,0.008941714555697478,-0.3366760246108156,0.029284230439134626
645,0.01718963486544145,-0.01076494154947083,0.006935163156063906,-0.04869248620854316,0.1428374797818947,0.024731226552095177
646,-0.0009688097478406377,0.029969725367184896,-0.04006274559568118,-0.0440427987187228,-0.10706770059733109,0.0424163359282873
647,-0.016336107428185365,0.01519067715011857,0.04693090958891044,-0.05690811571787435,0.10349942465334044,0.06099814779859335
648,0.0045188019580511,0.0394611432392169,-0.0265888895021284,0.0028089537214666116,0.033942199549042706,0.03787380201190281
649,0.007538568395444756,-0.021199729400569356,0.008879096118400875,0.006551719615630391,-0.07259694272152789,0.03287889865122834
650,-0.0007556866020307362,-0.07357756797617687,-0.12330517129323476,-0.07144419315764394,0.05101502142276759,0.038997058442745584
651,0.00836058099251602,-0.05028644787630909,-0.10629176347751301,-0.02931876782733639,0.12869872060897874,0.03104382732232516
652,-0.006336254654865203,-0.04837881529051846,-0.012435470430854023,-0.01617420844469869,-0.07827951645425785,0.046616510786107394
653,0.013953415123408863,-0.010865748112333207,0.031671583717571505,0.03887420600410013,0.03644634112843759,0.027843405478794738
654,0.0008509815608757076,-0.07185291614365441,-0.007439827193140625,-0.011517043988668652,-0.15884513483972473,0.03838372458704944
655,-0.017006830952593255,-0.004398722855952664,-0.181741183411475,0.12191392466012818,0.22046248102256122,0.06159300273113295
656,0.006367151967253237,-0.039678430269964426,-0.12701488963684787,-0.26699129898032686,0.10598820257863151,0.03174977305169305
657,-0.0006273933588197833,0.04610564541210416,0.029419343167699896,-0.007498519749255694,-0.04301162551918389,0.043344897483643036
658,0.00372629367173527,0.05421526914285191,0.10127051365571638,0.02959284197342471,0.029251941960229177,0.04127776129952563
659,-0.0009977457704370973,-0.004287420707808409,0.04659086924333178,-0.08273661152082662,-0.03168581963584416,0.0429448651453622
660,-0.0026610895791671085,0.01122699534576288,-0.13806566829830835,0.0015924518788385522,0.10725823463249629,0.04496191595557284
661,-0.005879043220795133,0.015475438826327625,-0.046313630468142075,0.014430744936839046,0.146505762458434,0.049502123044479956
662,-0.003277055988610056,-0.004303388189197177,-0.04396795761907446,0.0017642459301053792,0.08137289855207219,0.04567990273333926
663,-0.0017101202902366497,-0.03416134832015971,-0.008653770941793038,0.017711439153759556,-0.011948606258071787,0.042732105780925664
664,0.011642691996587962,-0.0006104178965200546,0.1013342007008875,0.06842566847279907,0.0353548401199848,0.033069092358377565
665,0.014146036078051427,-0.008852895263804172,0.04132632783656831,-0.12206007342185482,0.08871806387795445,0.027085344302444175
666,0.006393434074759785,0.034250859494483255,-0.09210240732555136,0.02497335002706408,-0.02220453488198157,0.03693330222867535
667,0.0015680754355751336,-0.05012116608556527,-0.010576510170882347,-0.05208738872002988,0.005982109419933157,0.03723875841424342
668,-0.011775392020422881,-0.08242513209074509,-0.005533052065728683,-0.11867946217272746,0.017357490161906963,0.051206032607388444
669,0.002307872480224349,0.0014669940142747473,0.06940351938887712,0.032278525192741325,-0.11169183931085752,0.03988378516710745
670,-0.016551688831721534,-0.007334107149293834,0.04285256630102108,-0.05449024869680408,0.058501557769746915,0.060052088093896054
671,0.016943910847765142,0.0189160146360412,-0.08698747048715944,-0.008217280079622302,-0.2177060580613783,0.022437653438229427
672,0.01094717950940538,-0.06358122058447457,0.01260246893032635,-0.06128158627146357,0.11421502652154414,0.029361998693299574
673,0.008326204924340885,-0.08406568706371642,-0.025253828979003246,-0.12237026751554214,-0.012359319711095273,0.02981524085351175
674,0.014244311461389048,0.004499752051184358,-0.04182550988576894,-0.21439259563228283,-0.13110601352228068,0.023929744970462706
675,0.005669897370542465,0.026132350788439895,-0.0781489153017077,-0.14052888065313215,0.026607449046890053,0.034740991077315084
676,-0.03520721113281544,-0.0062611045325058345,-0.046181041439346426,-0.11649956515978788,-0.08685404554292955,0.07671102322125661
677,-0.018138511388583467,-0.031607783485660956,-0.1447629071030238,0.00965456614241239,-0.04478785053027323,0.058374979300878475
678,0.0036684466284824246,-0.06458794186743722,0.03204565635427703,-0.1409295368065118,-0.0022013732972586963,0.03577326594125789
679,-0.006067381221858237,0.030436230046289037,0.01830518528643199,-0.06936646641878286,0.01627935623572463,0.04894142914801014
680,0.008395267526518202,-0.053521908022759024,-0.14291361276351433,0.1097307484954202,0.12279035914969527,0.03253350746225497
681,-0.017431647435121378,-0.021937903291026184,0.053255329476833646,0.07167376679867365,0.07029263259412094,0.06189302674119408
682,-0.00475816885472069,-0.015399366995099029,0.071226278438416,0.07727466304750391,0.1003607703155251,0.04935314480940906
683,-0.01383202496451108,0.009321952235361142,0.0770800985763509,0.06393844481111421,0.14653515314721027,0.05988167767437899
684,0.006641919271192842,-0.02103507437696639,-0.04967032477611294,0.020427299358117046,-0.09257068212558364,0.03350253779037394
685,-0.006248988228668373,-0.015369038198123963,-0.021778950165824373,0.013337794413766202,-0.006259763006106062,0.0478704267302126
686,-0.004051945483797614,-0.000560204283506005,-0.139655837309007,-0.06290012610555601,0.07428300371653557,0.0445698960875965
687,0.002794549926905532,-0.013454595675438608,-0.050992745488429136,0.053225143660977914,0.0349359159857775,0.03858434786503149
688,0.002018616364236392,0.007627430120985101,-0.0060447792484202845,0.005884911546347793,0.01612279903859576,0.04011791869073495
689,0.007628585095589724,-0.013862479782730808,-0.052633311929462134,0.1477638768699343,-0.05238133433704459,0.034580436016544265
690,-0.0010377731234008092,0.028934443709817237,-0.18026360955376297,0.003594673364819112,0.011555376693920205,0.04198639254896079
691,0.019574727777566414,-0.01144082389727008,0.012526094689317091,-0.016857236960284072,-0.013556664786521178,0.021183085395238048
692,0.006897580007678039,0.058157039730173166,-0.00367454540459744,0.12684008512168954,-0.10944156511155204,0.036776519603321865
693,0.0008349623575043541,0.03901092999294309,0.0418643155024323,-0.0596753709796366,0.05202783624723012,0.042306266618192784
694,0.024577128883081834,-0.04597845943439727,-0.10553619619743376,-0.13665546546988688,-0.25486626985059435,0.011089993249479084
695,-0.013846418208837141,-0.015932282098976458,-0.01937729311946823,0.048978834628886025,-0.2237330325864976,0.05469479846705126
696,0.004753231422123916,-0.007000983290016305,0.0014784718748995784,0.057824521710788224,-0.05037388453296998,0.036696134333418194
697,0.009964279649997021,0.04302099604786225,-0.08906849420844604,0.05791714649568325,0.09533091667633514,0.033259515417036895
698,0.0155872927872589,-0.020616815357258567,0.050072464880539624,0.07963263527350573,0.15818652088773216,0.0279043066313714
699,0.008407439860089294,0.0014891054572875317,0.028796423353020795,-0.09768196015924047,-0.007907737868475984,0.03274389803645099
700,0.0022809918176251998,0.017973749316134047,0.07871414513278496,-0.07662570957675874,0.061498656944097896,0.04137070663991654
701,0.010709914030201828,-0.04631982117121336,-0.09712521106460031,-0.03451858524781237,0.05153004145619966,0.028134394820585475
702,-0.005890010944932578,0.005675066994927591,0.035600900041647066,-0.009807789253201193,0.022011409739087884,0.04883668895333776
703,-0.011512450407344721,0.01114965986215033,0.009101716490638956,0.12524486631771514,-0.1132889404008059,0.05473289068699287
704,-0.01794929821340918,-0.017655372043960393,0.026283024135231647,-0.04768689253086167,0.04786908226569114,0.06108375268848486
705,-0.0030570573884664,0.021265579538676582,-0.09516187547432026,0.1352071848172417,0.04056118597404279,0.046782319946369354
706,-0.010065824577713323,-0.02997971494588869,-0.07383689419265427,-0.06709206259945216,-0.08324349790161714,0.04902808007049607
707,-0.008887238333258218,-0.03961092740447092,-0.05033387441556997,0.1545481601918558,0.049892080923390036,0.05207053910918603
708,-0.012342941148682507,-0.07494828100294393,-0.010223185244455701,0.08475409919603438,0.031232021804696364,0.054144166990581104
709,0.00906512210042032,0.013893717114209725,-0.017123419148115826,-0.10544515653644265,-0.2123719237348102,0.03034199124446004
710,-0.008556426218915392,-0.009710871585298042,0.03966659828538677,0.10450791773478063,-0.13526212537503712,0.05158411334781231
711,0.004302011095920877,0.06018419577687817,0.01614862373652237,-0.015432972773994025,0.13473891591712095,0.04059773027351548
712,-0.006459667002318259,0.021910187017407212,0.08700219069163273,0.026820310489702293,0.0745821261053507,0.051621753068719044
713,0.0036207093981601712,-0.015146176124475663,0.011106502624659398,-0.08352405081619468,0.08370786688250348,0.037560448983812965
714,-0.002246517370174561,-0.008657324481305517,-0.05496879226856721,-0.08670653806237938,-0.036519054437016446,0.04255695092574024
715,-0.017557207632174943,0.0484488192717446,0.022977838282804308,-0.04548529662462414,-0.005593971910385048,0.06169122810495101
716,0.002819523072806973,0.029338373254513828,-0.060467846822298,-0.18058288577911805,-0.014135230547862199,0.037136522274555134
717,-0.004412376163839937,-0.006368210355754411,-0.00028263893811519836,-0.12681944069977139,0.03633878453005518,0.04515012953612113
718,-0.02067490875993505,0.0024133358295952423,0.005351182914251407,-0.01533526664031315,0.053004453011123,0.0641919857584484
719,-0.016495096735847925,-0.03813149790512593,-0.11533642713915054,0.026446271087568307,-0.06725716696588702,0.05713065196656753
720,-0.003959040121762736,0.05222024467875619,0.014339856096976522,-0.002113729497902561,0.15117203308572758,0.04867072919325219
721,-0.007536480774390508,-0.0011729748972927334,0.053021842051170665,0.06489337575214404,0.04182395679721934,0.051904826456510456
722,0.010517036291798565,-0.022689240752077122,-0.0689077097627101,0.010113308261002762,-0.0074879096915339005,0.028981954902183134
723,-0.001009973244093687,0.019682822928232535,0.008688012895173958,0.03476293083859816,-0.008382897570062303,0.044272899057063296
724,-0.01790812953318155,0.03428268916931243,-0.08450923850481828,-0.01904745488549464,-0.2586936303482021,0.05889899954460507
725,0.006554235597128866,-0.09895198289091367,0.021734969173674346,0.053933536531538206,-0.038827418659125895,0.033363909783545385
726,-0.011439322968715637,-0.03811257460914341,0.05251379709887549,-0.06479570360147685,0.17894739506141122,0.055437673252382046
727,0.0018235129409200912,-0.05046186597069657,0.014671883477994974,0.08441029876187572,-0.07125811497252363,0.039122037924498
728,-0.00413702463185639,0.022064860104522355,-0.03324587964256648,-0.12604896560649986,0.06542219756057954,0.04619437986214816
729,0.007951852305949858,-0.008287184379775048,-0.2810829815963361,0.03066189965664262,-0.19405591205989142,0.030122120685464687
730,-0.0030424830044503137,-0.03571599280256876,0.03731163099388268,-0.11354321949940077,-0.08929367468081703,0.04363061646146835
731,0.013953342829411852,-0.04180440339306779,0.0884914122563415,-0.10563192088120898,0.12289990634639292,0.027856228878128785
732,-0.017180795920052394,0.007022850318624263,-0.040168404226429255,0.07549104143655477,-0.19596643360629026,0.05992745803007329
733,-0.017209573068156292,0.006369057692129254,-0.03148691252855307,0.027650879891099434,-0.06849269701826197,0.058926200500809135
734,0.016183706163684475,0.03207711209042141,0.037639136128368444,0.061650226911456885,0.03769849912225698,0.0272069343021818
735,-0.011657672340743663,-0.0005732193212801828,0.04354612647114431,0.054958247267933746,0.1389604433134654,0.05650009823049695
736,-0.0020157285121881197,0.042010660942666256,0.020207745878773498,-0.15770620460487375,-0.024981437017504354,0.044371452177454376
737,-0.00720662713116027,0.029639646844776935,-0.04763229044579098,-0.25506324474093084,-0.00010698720374277548,0.048316385705162244
738,-0.010441835821007217,-0.09361464372595041,-0.0634342084146875,-0.1864819881705033,-0.0708057442407922,0.04752075913570388
739,0.0036453383090149227,0.03694159192625013,0.030133706657207715,0.10236193993823761,-0.07754291279554926,0.040413086053761434
740,0.003187556180507256,-0.016533036918853772,-0.048507413143479505,-0.2624222210811348,-0.0728198439650852,0.03526517580544278
741,-0.009067201958276816,0.027189176540206916,-0.08713049905296794,-0.045364386805147316,0.06200699687593636,0.05130676268517618
742,0.010511651805598987,0.007760471005500147,0.017803357207180848,0.06734049299323647,0.0282892600184092,0.03227452340256586
743,-0.004050054689210381,-0.04051859063709218,-0.10495199034087088,-0.050912454977157795,0.0702350950639295,0.04360077647431899
744,-0.008549178231908594,0.03633276676885411,0.06470836514758238,0.16339202664007813,-0.04290989658070404,0.05435855952095826
745,0.005079088043879576,0.022174778187241007,-0.013299979439765075,-0.023043850727898885,0.010144275778300571,0.036397562759082396
746,-0.017173367527544503,-0.004204461234130652,0.007232717641567077,-0.07831081917031113,-0.057833955410029836,0.058993890265833945
747,0.010756244729732911,0.002940353312829491,-0.0028713316319942672,-0.09859023538035627,-0.04850199498495533,0.030255400564128832
748,-0.006856679401724408,-0.02930062854172588,-0.07496960526734359,0.05954212681741122,0.10405011187917168,0.048859926757199176
749,0.0015478146591720865,-0.026363083544577393,0.037002029268475845,0.09265139910680625,-0.07360072945109883,0.04065609226565448
750,-0.001788932690749423,-0.010239360242775608,-0.11117920969379513,-0.1188263728515821,-0.015883150123387757,0.040801346939567336
751,0.005979142187903852,-0.08903898972557134,-0.025645367471232805,0.0074696039338494336,-0.07104673229711167,0.0329577203091103
752,-0.017744649098213605,-0.0389365801980458,0.08482480733028397,0.04982411465055259,-0.035399625098703535,0.06111650067886294
753,-0.001140622785771206,-0.0123101890958216,-0.0590483714840504,0.036297151194566946,-0.0037250154346040454,0.04249046773923419
754,0.014407587583333381,0.025857607801091587,0.032641654567452716,0.054649012835256194,0.044541542226152975,0.028712652064079337
755,0.012151595940600668,-0.007971691621238564,0.07298972659325342,-0.15505474855743115,0.13017959739399337,0.03064903824197863
756,0.021405807135493893,0.04922402547265614,-0.05912459419418903,0.060373314963051206,0.040518744689876096,0.02085073586098788
757,-0.003809432809910307,-0.14446794890382275,0.02570330041726121,-0.027213159202605086,-0.11257264376604881,0.042134598897261455
758,0.009613889933860253,-0.005488597065302803,0.044361553354783645,0.05914184908929393,0.025290596072151506,0.03289299569247414
759,-0.007349503520822975,0.06808326295697997,-0.12006979782489907,-0.15805847104905965,-0.054146122287899334,0.04886380862178485
760,-0.003935916655391503,-0.003321480078553596,-0.046758030571680986,-0.011695232539288614,0.1019773650893448,0.045997951718430706
761,-0.01410516831006492,0.02008121197929058,-0.052662508292409094,0.044444438701560174,-0.04234720148014515,0.05691700471395543
762,0.006774789714135698,0.005964250386846115,-0.18408836128617106,0.017980620242668055,-0.23330274079403213,0.0318829749141305
763,-0.005568130539058025,0.018759303418326878,-0.05011953741286146,0.025456909560224505,-0.044534303658652685,0.04780579914714981
764,-0.008649099348053801,-0.010112052084823686,-0.024051748792246308,-0.026812832910152073,-0.05564485941589162,0.04954201510077528
765,0.0008502339986207197,-0.12671836404429093,-0.04896670236195144,0.09024376645581428,-0.09005693153408842,0.037774766406364686
766,0.0037626998035602544,-0.06217243350125712,0.0038224689825517855,-0.1440212845433959,-0.006913785249013593,0.03518966966250682
767,0.007270798023589764,-0.007008795927995637,0.11011455954564864,-0.16010759874179234,-0.05911262248029436,0.033930981484183394
768,0.01603044798476927,0.009176535057833113,-0.06274682909371165,0.05264906399713476,-0.17827321483174988,0.023346877647024665
769,-0.0036536693672983844,0.016945393845412826,-0.023360674715543595,-0.14917039779159405,0.160637530086237,0.045843252932797625
770,-0.0020748988428622717,-0.1439034254818946,0.09586767056957579,-0.0738739942333162,-0.05578345282943717,0.041300352047070374
771,-0.005492064351893866,-0.04361703395744754,-0.02052431073420169,-0.11371888688549725,0.14843113504514238,0.046281791707479716
772,-0.0027241439345617735,0.05001599820050695,0.032834777305272844,0.038877434005092304,0.013300042054996408,0.0474764416416092
773,0.01955704464989494,0.02346933318480926,-0.10588708123894958,-0.09461315503099016,-0.058854827384621,0.019064836734825803
774,-0.015920832863530965,-0.024189635533061637,-0.10138459094615998,-0.021089085072425795,-0.02105896712941857,0.056511682043798285
775,0.0022449794434589165,-0.031477513448991745,0.0187441617116062,-0.04520848029730595,0.054902546140122854,0.038737100695262414
776,-0.000786194832601117,-0.049662383308277214,0.05061197112751281,-0.09641963138345083,0.04215676068062535,0.04217573160830325
777,-0.008731909952401806,-0.021489204486760505,0.06959322380353217,-0.09400384402743067,0.111943869157757,0.05170028716339366
778,0.010060661843358076,-0.05204555366842267,-0.019676731767589772,0.05557037884907934,0.06965639362465481,0.03094302091180234
779,0.00713954592034538,0.004869361643842218,0.008987704151404818,-0.11961717206827516,0.06463738857437329,0.03432558560618454
780,0.006028217406123693,-0.0583295727780504,-0.008723250385875791,-0.10049411849797685,0.06042390500952283,0.03385739784421312
781,0.0026581855890717154,0.007846501087946378,-0.0022619916968959486,-0.10987481715896269,-0.08381301582874606,0.03782874795760399
782,-0.009432183425080787,-0.043188826314449535,-0.03247153719087953,0.017356012965760004,0.021143217579806917,0.050642768168622385
783,-0.010670798736166165,0.03415602047660227,0.04133228588637905,-0.23550406968148413,-0.2880905076565312,0.05130984273848153
784,0.00464291192877897,-0.03796881290199783,0.10325173386690745,0.02925607197969793,-0.1745168559446431,0.03649363032932342
785,0.018067239505418886,0.05368356198314739,-0.10592596698046924,-0.0029394331849900146,0.1185574088224991,0.023842307170378628
786,-0.011789100493430293,0.01356353386061726,0.02420643858190985,0.11565758016482852,0.10344357166310053,0.05867010900152673
787,0.004046851923036554,0.018256472987848937,0.10200523470081835,-0.08037780839607045,-0.023068677252002845,0.04036615691054194
788,-0.01268302727711812,0.03208080823111892,0.029719174967238415,0.05085502496785199,0.03474862410443369,0.056927773798644554
789,0.004054109562021235,0.04628895546300893,-0.14472449697311512,0.034478965229014114,-0.025718866017712422,0.037537071547676895
790,0.0003135427226867993,-0.0557823714566138,0.07079767290433958,-0.043179112749586634,0.03376917490030201,0.04078151092628559
791,0.0027543013569066854,0.02186713822904729,-0.06818121001524008,0.04193205003351019,-0.054538796881168666,0.03813584883497843
792,-0.009344555976663393,0.06200087848550151,-0.009238058554584427,0.08431329862209419,-0.01469341784564862,0.054480867172460055
793,0.010971336555546385,-0.03061844569193195,-0.006214780163839695,0.15442096227333957,-0.05447873345835283,0.031626440697189354
794,-0.011532582841770833,-0.0030055570268725518,-0.05031828069138772,-0.23674735950650222,-0.11892024403604742,0.0505761202780719
795,-0.02975722117591617,0.011244056001067704,0.023091802200463363,0.024405938947582417,-0.021158869039884676,0.07554641987455162
796,0.015972027914730402,-0.021520600108354326,-0.13629741451044597,-0.020241671841167264,0.04186223027174585,0.023176273394366034
797,-0.01048741859682123,-0.011643779248188157,0.021791999214627267,0.020663652567212143,0.0780826860714462,0.053484506910112944
798,0.01719778603696387,0.0014399499230971502,0.08112365770833185,-0.11314764245118825,0.07368778015075039,0.024227891471775728
799,-0.003275581682495199,0.01379709964678133,0.0027872170989909906,-0.01824945364926811,0.0649328375935177,0.04625796387895152
800,0.0016070372774139585,0.0005312484674571127,0.036280826031580116,-0.033704140026004026,-0.03889056861233864,0.04000546956518556
801,0.028254336310919337,-0.0015993685240320854,-0.10902273708001747,0.060673757036870724,-0.1364710075719578,0.010852697668099244
802,0.0007878299273740286,-0.036409267652347754,-0.016835610713612004,-0.2279589457047925,0.046416282000972586,0.03848803653861632
803,-0.010097456490373191,-0.015918125229116176,-0.05936569761599764,-0.01880969815891087,0.02462951105647354,0.05166168533165419
804,-0.023013006072078124,-0.10864580180401706,-0.02181909767229978,-0.022474746685099467,-0.007625273989557674,0.06259573225217137
805,0.00854844168051061,0.01495264554688469,-0.0518667972243369,-0.02336227806911112,-0.18282026452921582,0.030782670160632006
806,0.023071190386976248,0.03546243073586752,-0.056098719369164385,-0.32095922641957686,-0.1489987105501901,0.014376441457976943
807,-0.004438376839816627,0.006940223812949564,0.06543008594724342,0.07729772373572741,-0.2974989852942446,0.0470999318922004
808,-0.0005614163932717853,-0.07621718152442647,-0.04607858367222378,-0.09206816087476188,0.148697590886248,0.040602782904471314
809,0.01645629563447981,0.0005715684273167598,-0.019437047206725233,-0.03876447054077187,-0.06463536467920022,0.023433920032030438
810,-0.006303227436714853,0.057448997540620717,-0.33503780131388977,0.04073689943092529,0.05679905636103788,0.047548594302740096
811,0.010236138562532249,-0.03732505029666067,0.056574380421640647,0.012080653772107819,-0.012806955388327657,0.030476814091076814
812,0.0019059270258676708,0.049968411591707174,0.04805503824874058,0.03782434156622222,-0.038037042806535026,0.041719957122435335
813,-0.008812476775848177,-0.038557788064487286,0.07062550697175651,0.10465829072368488,-0.06787769561612034,0.0517925869854811
814,0.01755034794973387,-0.03504973938059608,0.03350867726086848,0.06904935130989115,0.09790690284021986,0.02450646112766117
815,0.014698306447782583,0.028226418459415203,0.002480612987438402,0.04987298991882472,-0.1428817331289744,0.026499723936141344
816,-0.0002409579922316718,-0.005580518540137636,-0.08061639333617293,-0.002704125609231778,-0.04577773529215812,0.04102030981369899
817,0.008705588155368371,0.0435815052859726,-0.09601384001272278,0.08830120136032621,-0.04735015778072785,0.03357589560474953
818,0.009917999103036035,-0.001874324722312748,-0.03091103500426101,0.16027218046084324,0.02480871790888478,0.03288341707889886
819,0.00762525153944682,-0.03031351594493581,0.1034596565729996,-0.13950339726787309,0.007806537453403761,0.03338254273400871
820,0.0101059223389115,-0.013828976453962083,-0.003675877485964374,-0.11630541310837111,0.07522553281671368,0.03128949944284941
821,-0.012430697174013128,-0.1712018827631352,-0.028444263270113068,-0.0756298563409401,-0.023792677947957808,0.0494498126495766
822,-0.0029492572403638784,0.03808134365220417,0.009533885665687025,-0.03205275301418575,-0.05693571250540208,0.04508482325512468
823,0.0062936028524067655,0.04032242651203233,0.06603893708006658,-0.08672831928414132,0.017883275190925363,0.03663044071218537
824,-0.006503760503491107,-0.08065130701435064,0.04499213359853682,-0.07237816373341077,0.024133269467129126,0.04730680419379751
825,0.013421068189074292,0.015973208756479007,-0.04143764241154907,0.06013722520875586,-0.046944818322832454,0.02768364345583377
826,-0.008958624700664664,-0.008190078498017894,0.10932773458385758,-0.1353736342707414,-0.03251682020116581,0.05141362279099412
827,0.004865362186520228,-0.05102054769413167,0.011301853325469735,0.023765779235551177,0.017494995425452742,0.03656325680946593
828,-0.012120148000963948,-0.0042665826033286836,0.03750171563207405,-0.0914315085673037,-0.009661460738281141,0.05479730260969791
829,0.0029251775457701523,-0.0077894297938720936,0.0710414514137554,-0.038189351754367606,-0.05965045358781412,0.03857541505465488
830,0.0001886554242787053,0.05322652231341851,-0.16263725263931883,-0.03398268991809311,-0.011951574653764757,0.0415761627559521
831,0.018051810971276838,0.042958886228994575,-0.028673746499289166,-0.01713469305270987,-0.0855881850783245,0.02256460806876621
832,0.007571367828844933,-0.0010657062415293517,-0.05561357081656676,0.06702582425843301,-0.10107395023192003,0.03348018118196833
833,0.011063441428486032,0.0032312825342597495,-0.021218512547515223,0.026132317203417244,-0.01159575220785905,0.03006678110545381
834,-0.00944800473878038,-0.05129755310945339,0.01863521628802778,0.04744452479302125,0.05604424157267812,0.051821900859591916
835,-0.003284590154066347,0.024391884645816098,-0.08328768583459534,-0.09874665199814864,-0.24582761585120486,0.04207083153456551
836,-0.009817799132061933,0.04168719851121683,-0.11677306658664272,-0.2888262499458114,0.05397291034872087,0.05012591597707615
837,0.0034556795102727023,0.011503071206695248,-0.18222205707419553,0.02869449033773591,0.043637900745281843,0.03700828955830621
838,-0.003423527913938851,0.0013354341219616872,-0.02520897970457814,-0.09652183054118801,-0.032947730459857244,0.04451588129234424
839,-0.01873885753760529,-0.041010369390486745,-0.14859838051430913,-0.11284804062865567,-0.05096244744498099,0.05784755417952801
840,0.011000182468321018,0.010046081953174024,0.03265772270615741,-0.12585426113466705,-0.15468415085237947,0.028970593698064658
841,-0.009889346241236052,-0.022569710805098397,0.023768439530088892,0.0012776411562566703,-0.059839178749373056,0.05270462111299566
842,0.007145230616617759,0.002161663890980381,0.07136744800823891,-0.034962402886124844,-0.2361995498006322,0.03351134603945884
843,0.0008993164150667976,-0.057174396735166555,-0.004949789845614727,0.042938649564049136,0.07156883158274951,0.041091932434501356
844,0.018152256584748727,-0.03285062353027757,-0.12080765448594155,-0.04732729491882648,0.09115295559629105,0.02083585112652145
845,0.021003877196925647,-0.02363968915867487,-0.3887033961865446,0.0056853020352984895,-0.0379611322385989,0.01565324655642271
846,0.01165424473876997,-0.20198700915140122,0.042089355669687856,0.12082648739236873,-0.12776505491349147,0.026023198311502346
847,0.02484026198717304,0.03828536921378567,-0.051539227855410596,-0.08584648576346354,0.10572983929899571,0.016257885426561734
848,0.017714564177477854,-0.03417625174379757,0.09461424581270139,0.0667975676737258,-0.06989279749016197,0.023675528469444363
849,-0.021545952803941226,-0.04121661494921003,0.03228679920452504,-0.14531183871313094,-0.21776384516123115,0.06176769893550209
850,0.013066053640136133,0.0035404449562769225,-0.04518440365011156,0.06144265947106187,0.006686052177305057,0.02802803532299622
851,0.0006492809724687465,0.057751029762220796,-0.05521790289405054,-0.1390341564632574,0.05210349546574161,0.04103707457491855
852,-0.015288807281919059,-0.03487762088972002,-0.08046197338602912,-0.15087281835507946,0.06409439521198979,0.055296996620518436
853,0.006333999662220258,-0.02813431304007563,-0.05745437085284877,0.05735050479345294,-0.013553937632555385,0.03440413764429104
854,0.003654050387094987,-0.08904784608335548,0.056829120656158416,0.06031031367912676,-0.10011823026549313,0.03639058935738503
855,-0.007077824102006747,0.006118612563194348,0.06828947994079804,0.03854887018561687,-0.10618594903073214,0.049861005084147834
856,-0.012830621266915143,-0.0056876580252468445,0.10018357575942105,-0.06408738665457725,-0.1593768730939733,0.05553064179652392
857,0.019658725047403403,-0.018721360292848765,-0.16530803498552277,0.0061931931436348675,-0.026089047121721415,0.01907243678674731
858,0.0023208943967882867,-0.015761531472597068,-0.08234998552060152,0.08280321020963877,-0.1718640676051075,0.03730189963271896
859,0.007055017687163101,0.021127220269352875,-0.1114622997630153,-0.01903766246362837,-0.045826991335152056,0.033177934275891496
860,0.004356221452744169,0.034296073236775304,-0.06111403375987251,-0.04720780240000788,0.0626296131592185,0.03747698030114843
861,-0.010300630201593108,-0.00405491735010155,0.044925158699211765,0.12270570360498279,-0.10436456051732951,0.05402796208875916
862,0.004802946215602066,0.03266485987712586,-0.0035179639601366497,0.09272185799845317,0.04119205276231119,0.03928072227975681
863,-0.004712066248117264,0.04581772759078673,-0.07602666472616187,0.07890032979383066,0.07339252949626979,0.048678408698550446
864,0.004936648499722196,-0.0411943717571166,0.017562539880708994,-0.033835108145709725,0.056069200340226166,0.03634650729243367
865,-0.001459931464798836,0.002882860762526973,-0.029357686131072924,-0.2784793399125273,-0.028082208345603765,0.041127826308239676
866,-0.018397806306426956,-0.017323118023449213,0.08194725509299294,0.07765924353585268,-0.057059460504448656,0.06251422987271489
867,0.0062002590237837385,0.013870056109962503,0.0031546200854105644,0.0209821183113012,0.01695431928727309,0.03590453501554566
868,0.028632513069734022,0.048158226665329984,-0.028743483590344676,-0.05793859873554341,0.0830074122797318,0.012697875634079356
869,0.004368516043095516,0.0313119202016805,0.008218068506982035,-0.08615139929279747,0.02583390491515175,0.03748616654664838
870,0.005502481796286762,-0.023451296932690324,-0.07589249541924026,0.055332077621479014,0.061629689411972,0.03532275426060678
871,-0.0041541849087957106,0.031079360563330494,-0.04613249323884133,-0.09170755000668274,-0.06541175814279998,0.045860665404978136
872,-0.006269474165370492,-0.07683203365895108,-0.10537161847643145,-0.17423765902158989,0.03931755635454992,0.044721834782553926
873,0.0023472359593028624,-0.019805008554279135,-0.1456742832790774,-0.008858068017032872,0.051458644871832826,0.03763587559536609
874,0.013483543487883498,0.015355646097171993,0.07404725284615499,0.033746374847370475,-0.07535438402001682,0.02862702257577821
875,-0.009145164666235273,0.025525028482506484,-0.0649614603749833,-0.07437431015153073,0.05047521966691043,0.05130252798990987
876,0.009173937775661223,0.011347258845698205,0.05426457614133584,0.047393288248574916,-0.05449049999883482,0.0337469324545531
877,-0.0038085042887402443,-0.0020493307065377886,0.07086222676534537,0.007257226106693326,0.10105671632926433,0.04810632202855213
878,0.0064134855512092415,-0.06375382282956865,0.06375950413657094,0.010386402289815688,0.08187758259017808,0.03568693570224368
879,0.006366083335924255,0.016053963977794017,0.09064866793923743,-0.16794008882862066,0.05212317147703466,0.03573859478564664
880,-0.0010622464870624349,-0.017273165972430005,0.0790687772188905,-0.021000847701160286,-0.12298997165810352,0.04286604483198517
881,-0.0014568348293507727,-0.03849678467272677,-0.10350549436904088,0.011468815550450817,0.05159049087576345,0.04233718194717148
882,-0.005710986196927337,0.03745857518682583,-0.028251301818621344,-0.08102555395781669,-0.009081976549375315,0.04724278333405819
883,0.00957771803117402,0.000607230284540794,0.04015900058793431,-0.09561668504957815,0.0975864177289133,0.03249859758721214
884,0.0001937086355039419,0.002392036917641227,0.012067125584623084,0.02272842476151482,-0.14085844008358045,0.041629805424582625
885,0.0067763284128044,0.04366884135083238,0.048485218004094666,-0.03129327692945849,-0.03217925876095776,0.03593304552654736
886,0.0032724451307226676,0.024919439495715845,0.029557925615225855,0.08355677638867748,-0.14741107439618822,0.03973421870650745
887,-0.004729828490961707,0.009735185046694905,0.006768246310539183,-0.10059489241771624,0.026156361399317096,0.04632014229178258
888,-0.01780566728237687,-0.010946373371121476,-0.08471568934265739,0.04280477228749502,0.01990221727274305,0.05975152084806577
889,-0.004941973965483126,-0.036463146458752926,0.023529663545573842,0.025229471154567473,-0.18957446357959676,0.045309328960963464
890,-0.020426349779296804,0.053296035354630455,-0.013042934931505934,0.017095986158087106,0.10833019266624916,0.06594772080066796
891,0.0010834683031895054,-0.051248595564443056,0.03577211571450212,0.08150131558967588,-0.21704076066663783,0.03943772664810877
892,-0.004021066647774907,-0.059101063894453576,-0.0052287145232822185,0.09163455660560693,-0.07297722334643927,0.04530930426062332
893,-0.01478440829260419,-0.04524121230917144,0.026857461996166232,-0.2051629904980428,0.08880656603657405,0.05565973859089445
894,0.02057962006364278,0.02290268996458833,-0.01124451938343951,-0.11187890844292259,0.036573324414999775,0.020602626833518843
895,0.00930973892162612,0.022462386348276797,-0.018752812329327184,-0.017971970075842947,0.029218002546861743,0.032442350609838105
896,0.001185035322387007,-0.08829338634929529,0.036177005991810174,0.048602111742055754,0.15178041436795559,0.04065262946026633
897,-0.004731785577655856,0.00878901089678552,0.05035584204624577,0.009584491001383866,0.045114692046889227,0.04862824528535129
898,-0.006173414279297629,-0.0015711094731658548,-0.06212337853595351,0.16247937894719777,-0.11675546158923919,0.04860914242006256
899,0.011648666619770376,0.027253260540525015,-0.06819994708452737,0.10111284900289469,0.11095940131078336,0.03168418425970795
900,-0.0058150622826025344,-0.027552254519816577,-0.008833557152619353,0.025415873084544238,0.01825861131678852,0.047391164925909834
901,-0.0026116993462164118,-0.01519850169703818,-0.060590479540672426,0.1235106104973136,-0.19818298071530485,0.04370919256093421
902,0.01515604583519159,0.005128071705263193,0.06056411083970836,0.04186017191478325,0.0420529926761683,0.027034931333710845
903,0.005508200053414791,0.027188302654740593,0.01891821498467028,0.03304215013147116,-0.11044512511263072,0.036030751647283615
904,-0.002688948599704366,0.0409384338442621,-0.01714201543803351,-0.03733546929539733,-0.115306475319706,0.04447486324470501
905,-0.0046154178742462415,-0.012401735705863337,0.11492792396763662,-0.03689400135825255,0.03392719563303864,0.04805198741533768
906,0.0037015853101507457,-0.0008090474472440823,0.007515550877931765,-0.08577337298859289,0.02012517054414653,0.037044081951702175
907,-0.007390113130081755,-0.001169996064214196,-0.14706622565105842,0.019143943847810208,-0.07017903556932995,0.047723640477775005
908,0.012925735526210458,-0.12582078790137474,0.04018768785451221,0.058662585758301244,0.02574373108510325,0.027048131249540166
909,0.013250409665511276,0.013209956709193449,-0.13392875762167977,-0.10374456436990775,-0.21850405014661012,0.024304318875406353
910,0.02387612999560762,0.009003596111983758,-0.08239771964165998,-0.022810130394180228,-0.11354533275809892,0.015563254202783719
911,0.01129333709293423,0.027419499444881312,0.09015296935572459,0.06236641601250942,-0.006507200820493109,0.032927234449072966
912,6.445159357681973e-05,-0.05450734652092415,-0.017779008647741457,0.03219121787578588,-0.0817466098807337,0.039828054240700475
913,0.010656682581061894,-0.0010122291720559007,-0.05719875278353226,0.0024815856881201803,-0.0961017476016312,0.02969687568149875
914,-0.0006127537059127386,-0.016468569519602072,0.02292236561001948,-0.1541313307606907,0.07449483699701298,0.041474609105471426
915,-0.005095054587045067,0.04626038072166716,-0.0670071440038964,-0.10241238153239712,-0.27535907737922255,0.04526265463552572
916,0.003735015614161563,0.0338089342601503,0.023104722107526343,0.09396621429909319,-0.032919280295786085,0.040110344862457896
917,-0.0038688417428424104,-0.014315651249907968,-0.07608899019859716,-0.06146820719181606,-0.04841401798716033,0.04335809067081991
918,-0.002021738329327949,0.028179230029886315,0.09177629703478074,0.07841655397216657,-0.0626451969888048,0.04605033782880255
919,0.007894867428046126,-0.02366032415889041,0.03727274385706725,0.027568895769420898,-0.025965270315129713,0.0336650222515982
920,0.0133401482501323,0.0078050820692558975,-0.000535550600740009,0.030535054328674205,0.053972634949798204,0.028593038607921336
921,0.007518750684326392,-0.026522944477696875,0.09198602658460842,-0.04889304731073307,-0.14737316978451326,0.032689492516252174
922,0.010269781599177685,-0.06926886009461419,-0.0997363385481243,-0.10265465891089931,-0.03283343569901909,0.027727732152437602
923,0.0007756408968380146,0.048530730407923994,-0.051771108216103146,0.01922265278297286,0.060992370575146615,0.0423918748117274
924,0.028085512869131524,-0.06243957020493707,0.02028179183861445,0.12191978914890389,0.04484856715941482,0.01255920863025367
925,-0.0161268006347548,-0.013823631051029128,0.04719285238032689,0.08719297556123073,0.05300641210103124,0.06047086555185997
926,0.01968462688157957,-0.09397890936666131,0.03416102457732184,-0.058973450298035635,0.05112690140364873,0.01899536247014876
927,0.012528198696646564,-0.13136241419288275,0.03872484905959228,-0.05571091096191083,0.0811886172450802,0.026186001790174485
928,-0.024053661941946802,0.0043525109398958595,0.062243851943283524,0.0620555446418426,-0.07455702066519151,0.06919388755713445
929,-0.022865907883475867,0.012045085238051922,0.03027004528217614,-0.16661850797158517,0.13551444133296653,0.0663091363847363
930,0.013510667370971285,0.010918902019679488,-0.00043193333748153817,-0.10442867765855757,0.0683523974565543,0.026934498224018534
931,-0.009976631024805171,-0.07697079417348707,-0.06347316499318634,0.08660249039553558,-0.05002086026698502,0.05033828903001322
932,-0.007913575013714702,0.02752067803599323,0.011728164493643,0.01805048304782736,0.06098943251512873,0.051532311003266475
933,0.018218317712679788,-0.029169830751478942,0.08317485691382365,0.05218443084792901,-0.03452035453304414,0.023582167108854628
934,-0.004415729585987238,-0.036411897996009523,-0.043273040248112016,-0.041009701171317026,0.0940336847410857,0.045365133174611584
935,0.006514899351353742,0.0663786580155854,-0.04646838583622398,-0.08065962988190029,0.09284034653537093,0.036828966359534934
936,-0.010268640849512511,-0.015168112544691859,0.04016642130118142,-0.019532279765624216,-0.05120680501938682,0.05295924866877304
937,-0.012434795295612866,0.061687120639709714,0.02695370971016875,0.001245316596378665,0.08584141576938059,0.05753660798198962
938,0.007578129302620695,-0.029317156884011153,0.07869740701606831,-0.051982326640735155,0.01554091439810229,0.03367888487279361
939,-0.0020498832965666347,0.004119453479784707,-0.14097092108009757,-0.22127937926262212,-0.13012665524969563,0.03926725832283737
940,0.009326572001342903,-0.014803128182891867,-0.055186825425657726,0.04449988616775191,0.011204055310166272,0.030721561687357096
941,0.010334359420740125,0.01420491645543831,-0.027080469649793437,0.042327287556158666,-0.04098644409406563,0.031530000877132626
942,0.0031513414466572964,0.0423652036747193,-0.02122120361607388,-0.020538730229513302,-0.08474063770890289,0.03887781282345768
943,0.0022531847947870887,0.015378639656905557,-0.0876046702109678,0.017674479995548498,0.15146162547102726,0.04067012582180123
944,-0.0024653139186120443,0.018890693230665723,-0.028521727679794495,-0.09430924258491974,-0.033801232043803975,0.04319435830414168
945,-0.0008844727661749818,0.012233953566957556,0.029589703312172255,0.06826014496201521,0.009465499733956328,0.0442749400161425
946,-0.0018384229250059114,-0.024707256925959653,-0.07572347342002061,-0.2132030870702318,0.13106955692792827,0.041769101136301105
947,-0.01400392957390606,-0.021263787674998702,-0.2424541282225523,0.12100206780823353,0.003747821926785355,0.05506087165714689
948,-0.009876746466732422,0.028275380290922913,0.06656080074209947,-0.12953499770779367,0.1706471035308762,0.05421785811358059
949,-0.007480527269344117,0.014392350871598403,0.04093150203880669,-0.11074758440732735,-0.23855872754410107,0.0484515178698899
950,-0.008213744898370345,-0.008344830588773666,-0.07777318737649697,-0.11634895372774579,0.08768620383910919,0.048697638498910234
951,-0.015202992717241237,-0.030002601336705625,0.10324810014143271,0.07746018416566902,-0.1682214053811985,0.05843241155153683
952,-0.006339390437767878,0.02713377595153954,0.020447999115086102,0.005221970306960921,-0.24700715146374058,0.048086712863874524
953,0.004237158192244683,-0.08838077397046529,-0.12191782152261255,-0.05116561641635631,0.07003216007677437,0.03442520745774327
954,-0.011582435959528792,-0.017609502022367107,0.010398137576228428,0.029333723697371805,-0.15131400798665026,0.0534661880122052
955,0.009376251819876114,0.002880391820859196,-0.04562485717560827,-0.11274629790351631,-0.021371122211749055,0.03027631147647862
956,0.00804672991944444,-0.055597997775363894,0.02951952561442961,0.08758121742012642,-0.042338085481471305,0.03312769441872497
957,-0.019243678157878197,0.0571261806462543,0.00017709810112265245,0.04427432209925325,-0.049004075563347654,0.06462657960606558
958,0.002490190475428866,0.01644866598999284,0.015915161200449,-0.03757486870151644,-0.03628891454748351,0.03928115330004584
959,0.0002830687513621921,-0.06950886659614519,0.037512580581157806,-0.18512789602420496,-0.11762598241259672,0.03780920609477689
960,-0.021455399090973715,-0.07731271061870881,0.003351125971207569,-0.038220115547114464,-0.15700214978064542,0.06079084551567885
961,-0.0030190429834414667,0.038124688881599034,0.015282531055331283,-0.15903919685613382,-0.09228426523315775,0.044390787234188794
962,-0.012852481012943007,0.04719496489463304,-0.022195991766622514,0.06065927381202618,-0.2710230279135314,0.055055052919052466
963,-0.0067066886726551145,-0.0026234777354319228,0.01238543794478797,0.02831083310493443,-0.059334414112619555,0.04904731336988043
964,-0.001030260438601438,-0.14673310247874038,0.06797259500266895,-0.06095053184348437,0.07820521887656534,0.040572623089465194
965,0.009430242919455711,0.014983041808949271,-0.0480665264469477,0.12537497062665226,0.041956668934568786,0.033255616085718614
966,0.0008334641758886985,-0.01933740515235982,-0.07956873464029562,0.150504408576159,0.09861119899979948,0.04182321095463485
967,0.01617496938502283,0.027683265402354884,-0.13207764370890257,-0.056831706700674,0.15136423535482119,0.0249723469946759
968,0.0032274136183556568,0.011883536154080554,-0.0699307494776491,0.008012035282234542,0.028493772784278837,0.03871082927330826
969,-0.002886544430952487,0.0042272806043728295,-0.04353668572065794,0.04519613194281219,0.04134190825714912,0.04538994737066914
970,0.0012715468158162047,-0.12904359531914522,-0.0016108392496028134,-0.0656338922026341,0.06630533771265429,0.0371836746733592
971,0.015790357501901386,-0.01951175623698742,0.12641262738443526,-0.11883723278762703,-0.20027944152347676,0.024441222851975544
972,0.00678798675035952,0.025020661015264012,0.0026734480631939173,0.03430724665129342,-0.41955719215648524,0.0336203244448583
973,0.008779157560794948,0.014472741087306118,-0.03519807251002899,-0.22932562578101567,-0.04413328773225089,0.030653205949911354
974,-0.010728248082970904,0.0001408742324074952,-0.06433389422035518,0.025668479357060237,0.0713079191683978,0.052909980876755074
975,0.0024280704141714793,-0.008564652101395231,-0.011588268074246122,0.06890986899034879,0.21443418970939299,0.04188577844130341
976,-0.016698333126100917,0.04348970751193193,0.03544509070551216,-0.13419891131286468,-0.14903889314894295,0.05945775065688849
977,0.009663495784610454,-0.04187925455370389,-0.031133367355746233,-0.2296441157812472,0.2020840048348706,0.030041163696332297
978,-0.0038320478635687216,-0.062301843960768766,0.034395563269504326,0.020874868817221615,-0.1512225586040516,0.04448247231058049
979,0.019966320912053526,-0.031184980467240275,-0.05637727001411463,0.01430716721131603,-0.024549432652710618,0.01987419571000046
980,0.021676351714838615,-0.09989405094401038,0.030690375047865315,0.016204846922948768,-0.19816345949410577,0.015976827657355717
981,-0.012619541408646517,-0.03204813028052411,-0.12866618371823424,0.09239039643210151,-0.022429434348667482,0.05432908571005973
982,-0.01123399188112073,0.037230377730867015,-0.17954070774382463,-0.19527058534778105,0.06335218582101104,0.05180469860223547
983,-0.000781490049808431,-0.0455392689225147,-0.0005718763353904643,-0.12229331323808051,-0.4028896819458098,0.038046754637110825
984,-0.006938010165699282,0.03118342335161428,0.03328054092064814,-0.14068447051989266,0.00019610410661197175,0.04934591331665797
985,0.009539387592518711,-0.018529336971415566,-0.07063848364429026,0.022901367989128008,-0.040351117109999085,0.030285842539942858
986,-0.013593078922933821,0.02527670447280872,-0.04267202065484016,-0.0028393675935609597,0.006097201702322197,0.0561641135961574
987,-0.015560849518514108,-0.11933103976260262,-0.10117644554724359,-0.0991700003059352,-0.04502515149663186,0.052785491747346897
988,-0.004988966720460786,-0.03941948581670662,-0.052249389685918246,0.0054987244957129255,-0.12947688581647593,0.044876149909211564
989,0.006817231668772905,0.017104449124368926,-0.10291645895578883,-0.2517089497730491,0.00020751507361160826,0.03239162104577481
990,-0.0068641994360320036,0.04442402478104002,0.055599685919116903,0.06629517933296758,-0.0350885545275858,0.05186997093603022
991,-0.008820745356335813,0.044137512605069484,0.07882730120268322,-0.16418512399610258,0.12928185035640138,0.053212322693992425
992,0.004875575046322522,-0.04799375868634237,0.007991821172056324,-0.321414232343748,0.07386563363823134,0.034501844628502115
993,0.0008674758237736668,-0.012229515608838337,0.012103460109390896,-0.08450394874404965,-0.054621547724615915,0.03985406936890176
994,-0.010709137789857381,0.019321175245143984,0.0973910129819191,-0.04180785202356746,0.018988073625729185,0.05520547187863558
995,0.0033558375796458595,0.04368513408629615,-0.07756381893787728,-0.028469138746333944,-0.07205879920744762,0.03771567461025443
996,0.014318843018155114,0.008257537039115692,-0.007145797063231818,-0.02761279692486862,0.09415470828496869,0.027572480689223813
997,0.018786430432157664,-0.036846396533048775,0.06599079909605388,0.10452455504032643,0.05019822896347603,0.023575547088704116
998,-0.007123635089515967,-0.014305371475252793,0.0006444986938348718,-0.05036196136161947,-0.0182717997400349,0.048122013908571355
999,0.008423792702199506,-0.001675172166845762,0.01720578314281851,0.10012784585201184,0.02528338182223533,0.03478218760482614
